Data,Atraso(ms),Hop_count,Bottleneck,Vazao_BBR,is_imputed
2024-01-15 18:00:00,21.05,7.0,20.0,924161579.0,0
2024-01-16 00:00:00,21.05,7.0,20.0,899627086.5206277,1
2024-01-16 06:00:00,15.03,7.0,20.0,922695650.0,0
2024-01-16 12:00:00,16.56,7.0,20.0,925737867.0,0
2024-01-16 18:00:00,20.06,6.0,100.0,912470196.0,0
2024-01-17 00:00:00,13.55,6.0,100.0,867853926.0,0
2024-01-17 06:00:00,21.05,7.0,20.0,899627086.5206277,1
2024-01-17 12:00:00,35.44,8.0,100.0,922156636.0,0
2024-01-17 18:00:00,30.06,6.0,100.0,925217957.0,0
2024-01-18 00:00:00,21.05,7.0,20.0,899627086.5206277,1
2024-01-18 06:00:00,21.05,7.0,20.0,899627086.5206277,1
2024-01-18 12:00:00,21.05,7.0,20.0,899627086.5206277,1
2024-01-18 18:00:00,18.84,6.0,100.0,916980995.0,0
2024-01-19 00:00:00,16.64,6.0,100.0,914413535.0,0
2024-01-19 06:00:00,21.05,7.0,20.0,899627086.5206277,1
2024-01-19 12:00:00,12.73,6.0,100.0,929721198.0,0
2024-01-19 18:00:00,14.13,6.0,100.0,922927529.0,0
2024-01-20 00:00:00,21.05,7.0,20.0,899627086.5206277,1
2024-01-20 06:00:00,21.05,7.0,20.0,899627086.5206277,1
2024-01-20 12:00:00,21.05,7.0,20.0,899627086.5206277,1
2024-01-20 18:00:00,21.05,7.0,20.0,899627086.5206277,1
2024-01-21 00:00:00,21.05,7.0,20.0,899627086.5206277,1
2024-01-21 06:00:00,21.05,7.0,20.0,899627086.5206277,1
2024-01-21 12:00:00,21.05,7.0,20.0,899627086.5206277,1
2024-01-21 18:00:00,21.05,7.0,20.0,899627086.5206277,1
2024-01-22 00:00:00,21.05,7.0,20.0,899627086.5206277,1
2024-01-22 06:00:00,21.05,7.0,20.0,899627086.5206277,1
2024-01-22 12:00:00,21.05,7.0,20.0,899627086.5206277,1
2024-01-22 18:00:00,22.58,8.0,20.0,367298116.0,0
2024-01-23 00:00:00,21.05,7.0,20.0,899627086.5206277,1
2024-01-23 06:00:00,21.05,7.0,20.0,899627086.5206277,1
2024-01-23 12:00:00,21.05,7.0,20.0,899627086.5206277,1
2024-01-23 18:00:00,21.05,7.0,20.0,899627086.5206277,1
2024-01-24 00:00:00,21.05,7.0,20.0,899627086.5206277,1
2024-01-24 06:00:00,21.05,7.0,20.0,899627086.5206277,1
2024-01-24 12:00:00,16.4,6.0,100.0,907054749.0,0
2024-01-24 18:00:00,35.45,8.0,100.0,895438688.5,0
2024-01-25 00:00:00,21.05,7.0,20.0,899627086.5206277,1
2024-01-25 06:00:00,29.33,8.0,100.0,868589362.0,0
2024-01-25 12:00:00,42.78,8.0,100.0,882575882.5,0
2024-01-25 18:00:00,15.11,6.0,100.0,884959558.0,0
2024-01-26 00:00:00,24.74,6.0,100.0,901882697.0,0
2024-01-26 06:00:00,43.28,8.0,100.0,880386434.0,0
2024-01-26 12:00:00,21.05,7.0,20.0,899627086.5206277,1
2024-01-26 18:00:00,12.55,6.0,100.0,907410198.5,0
2024-01-27 00:00:00,21.05,7.0,20.0,899627086.5206277,1
2024-01-27 06:00:00,21.05,7.0,20.0,899627086.5206277,1
2024-01-27 12:00:00,24.2,8.0,20.0,906539865.0,0
2024-01-27 18:00:00,10.91,8.0,20.0,916250564.0,0
2024-01-28 00:00:00,11.48,8.0,20.0,916353099.67,0
2024-01-28 06:00:00,12.07,8.0,20.0,622751933.0,0
2024-01-28 12:00:00,13.22,8.0,20.0,921492781.0,0
2024-01-28 18:00:00,21.05,7.0,20.0,899627086.5206277,1
2024-01-29 00:00:00,13.56,8.0,20.0,920815992.0,0
2024-01-29 06:00:00,14.98,8.0,20.0,889876247.0,0
2024-01-29 12:00:00,21.05,7.0,20.0,899627086.5206277,1
2024-01-29 18:00:00,14.48,8.0,20.0,916044283.0,0
2024-01-30 00:00:00,16.38,8.0,20.0,925054394.0,0
2024-01-30 06:00:00,15.59,8.0,20.0,899210035.0,0
2024-01-30 12:00:00,14.52,6.0,100.0,884369971.0,0
2024-01-30 18:00:00,51.36,13.0,100.0,923120629.0,0
2024-01-31 00:00:00,21.05,7.0,20.0,899627086.5206277,1
2024-01-31 06:00:00,35.99,9.5,100.0,921104791.0,0
2024-01-31 12:00:00,12.12,6.0,100.0,911266521.0,0
2024-01-31 18:00:00,12.33,6.0,100.0,930535591.0,0
2024-02-01 00:00:00,21.05,7.0,20.0,899627086.5206277,1
2024-02-01 06:00:00,21.05,7.0,20.0,899627086.5206277,1
2024-02-01 12:00:00,36.26,8.0,100.0,913750482.5,0
2024-02-01 18:00:00,13.96,6.0,100.0,913731752.5,0
2024-02-02 00:00:00,21.05,7.0,20.0,899627086.5206277,1
2024-02-02 06:00:00,33.04,8.0,100.0,922273084.0,0
2024-02-02 12:00:00,21.05,7.0,20.0,899627086.5206277,1
2024-02-02 18:00:00,35.76,8.0,100.0,910639922.0,0
2024-02-03 00:00:00,32.21,10.0,100.0,916839370.0,0
2024-02-03 06:00:00,31.9,10.0,100.0,899885763.0,0
2024-02-03 12:00:00,21.05,7.0,20.0,899627086.5206277,1
2024-02-03 18:00:00,22.31,6.0,100.0,923112110.0,0
2024-02-04 00:00:00,21.05,7.0,20.0,899627086.5206277,1
2024-02-04 06:00:00,17.37,6.0,100.0,931269722.0,0
2024-02-04 12:00:00,21.05,7.0,20.0,899627086.5206277,1
2024-02-04 18:00:00,21.05,7.0,20.0,899627086.5206277,1
2024-02-05 00:00:00,35.0,8.0,100.0,921647948.0,0
2024-02-05 06:00:00,37.44,8.0,100.0,921701023.0,0
2024-02-05 12:00:00,12.39,6.0,100.0,926470980.0,0
2024-02-05 18:00:00,14.1,6.0,100.0,921437910.0,0
2024-02-06 00:00:00,11.01,8.0,20.0,927153912.0,0
2024-02-06 06:00:00,19.43,8.0,20.0,925842956.0,0
2024-02-06 12:00:00,21.05,7.0,20.0,899627086.5206277,1
2024-02-06 18:00:00,15.38,6.0,100.0,921176272.0,0
2024-02-07 00:00:00,16.11,6.0,100.0,920887911.5,0
2024-02-07 06:00:00,21.05,7.0,20.0,899627086.5206277,1
2024-02-07 12:00:00,21.05,7.0,20.0,899627086.5206277,1
2024-02-07 18:00:00,51.75,9.0,10.0,920178650.0,0
2024-02-08 00:00:00,21.05,7.0,20.0,899627086.5206277,1
2024-02-08 06:00:00,9.38,8.0,20.0,910847546.0,0
2024-02-08 12:00:00,23.82,6.0,100.0,911894756.0,0
2024-02-08 18:00:00,21.05,7.0,20.0,899627086.5206277,1
2024-02-09 00:00:00,21.05,7.0,20.0,899627086.5206277,1
2024-02-09 06:00:00,26.15,6.0,100.0,923350731.0,0
2024-02-09 12:00:00,21.05,7.0,20.0,899627086.5206277,1
2024-02-09 18:00:00,32.85,6.0,100.0,934651909.0,0
2024-02-10 00:00:00,21.05,7.0,20.0,899627086.5206277,1
2024-02-10 06:00:00,14.73,6.0,100.0,907230722.0,0
2024-02-10 12:00:00,21.05,7.0,20.0,899627086.5206277,1
2024-02-10 18:00:00,22.44,6.0,100.0,910663512.5,0
2024-02-11 00:00:00,21.05,7.0,20.0,899627086.5206277,1
2024-02-11 06:00:00,16.12,6.0,100.0,924899044.0,0
2024-02-11 12:00:00,19.48,6.0,100.0,922734376.0,0
2024-02-11 18:00:00,25.08,6.0,100.0,888980777.0,0
2024-02-12 00:00:00,21.05,7.0,20.0,899627086.5206277,1
2024-02-12 06:00:00,11.88,8.0,20.0,924951340.0,0
2024-02-12 12:00:00,21.05,7.0,20.0,899627086.5206277,1
2024-02-12 18:00:00,9.69,8.0,20.0,924060048.0,0
2024-02-13 00:00:00,21.05,7.0,20.0,899627086.5206277,1
2024-02-13 06:00:00,21.05,7.0,20.0,899627086.5206277,1
2024-02-13 12:00:00,16.21,8.0,20.0,935959686.0,0
2024-02-13 18:00:00,12.67,6.0,100.0,922382046.0,0
2024-02-14 00:00:00,21.05,7.0,20.0,899627086.5206277,1
2024-02-14 06:00:00,21.94,6.0,100.0,909818938.0,0
2024-02-14 12:00:00,20.0,6.0,100.0,912995899.0,0
2024-02-14 18:00:00,21.75,6.0,100.0,924164213.0,0
2024-02-15 00:00:00,21.05,7.0,20.0,899627086.5206277,1
2024-02-15 06:00:00,23.51,6.0,100.0,928306560.0,0
2024-02-15 12:00:00,21.05,7.0,20.0,899627086.5206277,1
2024-02-15 18:00:00,21.05,7.0,20.0,899627086.5206277,1
2024-02-16 00:00:00,21.05,7.0,20.0,899627086.5206277,1
2024-02-16 06:00:00,21.05,7.0,20.0,899627086.5206277,1
2024-02-16 12:00:00,21.05,7.0,20.0,899627086.5206277,1
2024-02-16 18:00:00,17.04,6.0,100.0,921910462.0,0
2024-02-17 00:00:00,21.05,7.0,20.0,899627086.5206277,1
2024-02-17 06:00:00,13.36,6.0,100.0,880990016.5,0
2024-02-17 12:00:00,18.6,6.0,100.0,925161981.0,0
2024-02-17 18:00:00,20.54,6.0,100.0,923608792.5,0
2024-02-18 00:00:00,21.05,7.0,20.0,899627086.5206277,1
2024-02-18 06:00:00,10.32,6.0,100.0,924375222.0,0
2024-02-18 12:00:00,18.59,6.0,100.0,911167905.0,0
2024-02-18 18:00:00,19.67,6.0,100.0,923638631.0,0
2024-02-19 00:00:00,21.05,7.0,20.0,899627086.5206277,1
2024-02-19 06:00:00,21.05,7.0,20.0,899627086.5206277,1
2024-02-19 12:00:00,21.05,7.0,20.0,899627086.5206277,1
2024-02-19 18:00:00,11.43,6.0,100.0,914150796.0,0
2024-02-20 00:00:00,21.05,7.0,20.0,899627086.5206277,1
2024-02-20 06:00:00,13.24,6.0,100.0,925622729.0,0
2024-02-20 12:00:00,21.05,7.0,20.0,899627086.5206277,1
2024-02-20 18:00:00,21.05,7.0,20.0,899627086.5206277,1
2024-02-21 00:00:00,17.0,8.0,20.0,920020536.0,0
2024-02-21 06:00:00,17.3,7.0,20.0,924429824.0,0
2024-02-21 12:00:00,43.46,7.0,20.0,915199416.0,0
2024-02-21 18:00:00,40.42,7.0,20.0,923703345.0,0
2024-02-22 00:00:00,21.05,7.0,20.0,899627086.5206277,1
2024-02-22 06:00:00,21.05,7.0,20.0,899627086.5206277,1
2024-02-22 12:00:00,21.05,7.0,20.0,899627086.5206277,1
2024-02-22 18:00:00,21.05,7.0,20.0,899627086.5206277,1
2024-02-23 00:00:00,17.45,6.0,100.0,908119608.0,0
2024-02-23 06:00:00,21.05,7.0,20.0,899627086.5206277,1
2024-02-23 12:00:00,21.05,7.0,20.0,899627086.5206277,1
2024-02-23 18:00:00,21.05,7.0,20.0,899627086.5206277,1
2024-02-24 00:00:00,21.05,7.0,20.0,899627086.5206277,1
2024-02-24 06:00:00,30.66,9.0,10.0,922224620.0,0
2024-02-24 12:00:00,30.27,9.0,10.0,925014656.0,0
2024-02-24 18:00:00,21.05,6.0,100.0,924156156.0,0
2024-02-25 00:00:00,20.85,6.0,100.0,919840960.0,0
2024-02-25 06:00:00,21.9,6.0,100.0,913535124.0,0
2024-02-25 12:00:00,21.05,7.0,20.0,899627086.5206277,1
2024-02-25 18:00:00,55.79,9.0,10.0,923388841.0,0
2024-02-26 00:00:00,16.52,6.0,100.0,930613134.0,0
2024-02-26 06:00:00,23.66,6.0,100.0,936432576.0,0
2024-02-26 12:00:00,21.05,7.0,20.0,899627086.5206277,1
2024-02-26 18:00:00,13.35,6.0,100.0,921648087.0,0
2024-02-27 00:00:00,21.05,7.0,20.0,899627086.5206277,1
2024-02-27 06:00:00,15.7,6.0,100.0,925054579.0,0
2024-02-27 12:00:00,16.83,6.0,100.0,912630266.0,0
2024-02-27 18:00:00,14.63,6.0,100.0,922493638.0,0
2024-02-28 00:00:00,16.2,6.0,100.0,903927968.0,0
2024-02-28 06:00:00,16.07,6.0,100.0,924376286.0,0
2024-02-28 12:00:00,57.79,9.0,10.0,922250212.0,0
2024-02-28 18:00:00,27.13,6.0,100.0,920893031.33,0
2024-02-29 00:00:00,21.05,7.0,20.0,899627086.5206277,1
2024-02-29 06:00:00,21.05,7.0,20.0,899627086.5206277,1
2024-02-29 12:00:00,20.42,6.0,100.0,921121213.5,0
2024-02-29 18:00:00,27.12,6.0,100.0,924842783.0,0
2024-03-01 00:00:00,22.18,6.0,100.0,925786732.0,0
2024-03-01 06:00:00,21.05,7.0,20.0,899627086.5206277,1
2024-03-01 12:00:00,50.72,9.0,10.0,899203246.0,0
2024-03-01 18:00:00,21.05,7.0,20.0,899627086.5206277,1
2024-03-02 00:00:00,6.36,6.0,100.0,923493526.0,0
2024-03-02 06:00:00,21.05,7.0,20.0,899627086.5206277,1
2024-03-02 12:00:00,65.22,9.0,6.0,922064153.0,0
2024-03-02 18:00:00,28.28,8.0,20.0,914729229.0,0
2024-03-03 00:00:00,21.05,7.0,20.0,899627086.5206277,1
2024-03-03 06:00:00,29.31,9.0,10.0,926367616.0,0
2024-03-03 12:00:00,26.66,8.0,20.0,913522890.0,0
2024-03-03 18:00:00,55.21,9.0,10.0,905360097.0,0
2024-03-04 00:00:00,21.05,7.0,20.0,899627086.5206277,1
2024-03-04 06:00:00,13.25,6.0,100.0,924233395.0,0
2024-03-04 12:00:00,16.69,6.0,100.0,922748217.0,0
2024-03-04 18:00:00,28.81,9.0,100.0,925632710.0,0
2024-03-05 00:00:00,21.05,7.0,20.0,899627086.5206277,1
2024-03-05 06:00:00,37.66,9.0,100.0,910952540.0,0
2024-03-05 12:00:00,36.77,10.0,20.0,908177622.0,0
2024-03-05 18:00:00,27.38,10.0,20.0,912474348.0,0
2024-03-06 00:00:00,21.05,7.0,20.0,899627086.5206277,1
2024-03-06 06:00:00,39.28,8.0,100.0,907649524.0,0
2024-03-06 12:00:00,17.26,6.0,100.0,925052868.0,0
2024-03-06 18:00:00,13.75,6.0,100.0,913810022.0,0
2024-03-07 00:00:00,63.05,9.0,6.0,894111902.0,0
2024-03-07 06:00:00,53.38,9.0,10.0,918027507.0,0
2024-03-07 12:00:00,58.16,9.0,10.0,924903212.0,0
2024-03-07 18:00:00,24.55,6.0,100.0,913176122.0,0
2024-03-08 00:00:00,21.05,7.0,20.0,899627086.5206277,1
2024-03-08 06:00:00,14.54,6.0,100.0,536847005.5,0
2024-03-08 12:00:00,21.05,7.0,20.0,899627086.5206277,1
2024-03-08 18:00:00,9.67,6.0,100.0,919708538.0,0
2024-03-09 00:00:00,21.05,7.0,20.0,899627086.5206277,1
2024-03-09 06:00:00,25.15,6.0,100.0,925316816.0,0
2024-03-09 12:00:00,41.8,8.0,100.0,923229438.0,0
2024-03-09 18:00:00,15.02,6.0,100.0,912786092.0,0
2024-03-10 00:00:00,17.7,6.0,100.0,926053413.0,0
2024-03-10 06:00:00,16.92,6.0,100.0,924932779.0,0
2024-03-10 12:00:00,15.96,6.0,100.0,923522783.0,0
2024-03-10 18:00:00,15.55,6.0,100.0,919447635.0,0
2024-03-11 00:00:00,21.05,7.0,20.0,899627086.5206277,1
2024-03-11 06:00:00,21.05,7.0,20.0,899627086.5206277,1
2024-03-11 12:00:00,10.88,6.0,100.0,759708166.5,0
2024-03-11 18:00:00,21.05,7.0,20.0,899627086.5206277,1
2024-03-12 00:00:00,51.86,9.0,10.0,924475042.0,0
2024-03-12 06:00:00,14.78,6.0,100.0,924047989.0,0
2024-03-12 12:00:00,16.9,6.0,100.0,904132553.0,0
2024-03-12 18:00:00,16.27,6.0,100.0,924583252.0,0
2024-03-13 00:00:00,21.05,7.0,20.0,899627086.5206277,1
2024-03-13 06:00:00,17.71,6.0,100.0,901612213.0,0
2024-03-13 12:00:00,15.45,6.0,100.0,920971750.0,0
2024-03-13 18:00:00,18.61,6.0,100.0,922669828.0,0
2024-03-14 00:00:00,21.05,7.0,20.0,899627086.5206277,1
2024-03-14 06:00:00,21.05,7.0,20.0,899627086.5206277,1
2024-03-14 12:00:00,21.05,7.0,20.0,899627086.5206277,1
2024-03-14 18:00:00,21.05,7.0,20.0,899627086.5206277,1
2024-03-15 00:00:00,21.05,7.0,20.0,899627086.5206277,1
2024-03-15 06:00:00,25.55,7.0,20.0,921228978.0,0
2024-03-15 12:00:00,21.41,7.0,20.0,922561349.0,0
2024-03-15 18:00:00,22.13,6.0,100.0,922698464.0,0
2024-03-16 00:00:00,21.05,7.0,20.0,899627086.5206277,1
2024-03-16 06:00:00,21.05,7.0,20.0,899627086.5206277,1
2024-03-16 12:00:00,20.72,6.0,100.0,918700780.5,0
2024-03-16 18:00:00,21.78,7.0,20.0,922519226.0,0
2024-03-17 00:00:00,21.05,7.0,20.0,899627086.5206277,1
2024-03-17 06:00:00,21.05,7.0,20.0,899627086.5206277,1
2024-03-17 12:00:00,21.05,7.0,20.0,899627086.5206277,1
2024-03-17 18:00:00,16.93,6.0,100.0,913311705.0,0
2024-03-18 00:00:00,21.05,7.0,20.0,899627086.5206277,1
2024-03-18 06:00:00,14.12,6.0,100.0,912263491.0,0
2024-03-18 12:00:00,15.3,6.0,100.0,908678183.0,0
2024-03-18 18:00:00,21.05,7.0,20.0,899627086.5206277,1
2024-03-19 00:00:00,57.42,9.0,10.0,923626347.0,0
2024-03-19 06:00:00,16.58,6.0,100.0,924739405.0,0
2024-03-19 12:00:00,21.05,7.0,20.0,899627086.5206277,1
2024-03-19 18:00:00,21.05,7.0,20.0,899627086.5206277,1
2024-03-20 00:00:00,21.05,7.0,20.0,899627086.5206277,1
2024-03-20 06:00:00,21.05,7.0,20.0,899627086.5206277,1
2024-03-20 12:00:00,15.67,6.0,100.0,913206071.0,0
2024-03-20 18:00:00,21.05,7.0,20.0,899627086.5206277,1
2024-03-21 00:00:00,21.05,7.0,20.0,899627086.5206277,1
2024-03-21 06:00:00,18.24,6.0,100.0,917773740.0,0
2024-03-21 12:00:00,52.48,9.0,10.0,917137823.0,0
2024-03-21 18:00:00,51.55,9.0,10.0,924870617.5,0
2024-03-22 00:00:00,21.05,7.0,20.0,899627086.5206277,1
2024-03-22 06:00:00,21.05,7.0,20.0,899627086.5206277,1
2024-03-22 12:00:00,22.29,6.0,100.0,888461065.0,0
2024-03-22 18:00:00,23.9,6.0,100.0,936537480.0,0
2024-03-23 00:00:00,21.05,7.0,20.0,899627086.5206277,1
2024-03-23 06:00:00,25.09,6.0,100.0,922905596.0,0
2024-03-23 12:00:00,11.48,6.0,100.0,922249398.0,0
2024-03-23 18:00:00,18.48,6.0,100.0,924718390.5,0
2024-03-24 00:00:00,21.05,7.0,20.0,899627086.5206277,1
2024-03-24 06:00:00,21.05,7.0,20.0,899627086.5206277,1
2024-03-24 12:00:00,21.05,7.0,20.0,899627086.5206277,1
2024-03-24 18:00:00,13.75,6.0,100.0,923562542.0,0
2024-03-25 00:00:00,22.27,6.0,100.0,925254348.0,0
2024-03-25 06:00:00,21.05,7.0,20.0,899627086.5206277,1
2024-03-25 12:00:00,21.05,7.0,20.0,899627086.5206277,1
2024-03-25 18:00:00,21.05,7.0,20.0,899627086.5206277,1
2024-03-26 00:00:00,21.05,7.0,20.0,899627086.5206277,1
2024-03-26 06:00:00,21.05,7.0,20.0,899627086.5206277,1
2024-03-26 12:00:00,21.05,7.0,20.0,899627086.5206277,1
2024-03-26 18:00:00,12.98,6.0,100.0,918028976.0,0
2024-03-27 00:00:00,21.05,7.0,20.0,899627086.5206277,1
2024-03-27 06:00:00,14.26,6.0,100.0,915829483.0,0
2024-03-27 12:00:00,15.99,6.0,100.0,910639196.0,0
2024-03-27 18:00:00,8.15,6.0,100.0,904207230.33,0
2024-03-28 00:00:00,21.05,7.0,20.0,899627086.5206277,1
2024-03-28 06:00:00,4.22,6.0,100.0,926523884.0,0
2024-03-28 12:00:00,21.3,9.0,10.0,883242896.0,0
2024-03-28 18:00:00,25.34,6.0,100.0,910738133.0,0
2024-03-29 00:00:00,21.05,7.0,20.0,899627086.5206277,1
2024-03-29 06:00:00,21.05,6.0,100.0,928465313.5,0
2024-03-29 12:00:00,13.83,6.0,100.0,924619340.0,0
2024-03-29 18:00:00,21.05,7.0,20.0,899627086.5206277,1
2024-03-30 00:00:00,20.32,6.0,100.0,901333516.5,0
2024-03-30 06:00:00,19.09,6.0,100.0,922383936.0,0
2024-03-30 12:00:00,18.94,6.0,100.0,911528071.5,0
2024-03-30 18:00:00,24.22,7.0,20.0,924767254.0,0
2024-03-31 00:00:00,21.05,7.0,20.0,899627086.5206277,1
2024-03-31 06:00:00,21.05,6.0,100.0,907596363.0,0
2024-03-31 12:00:00,19.67,6.0,100.0,913573667.0,0
2024-03-31 18:00:00,21.61,6.0,100.0,912006785.0,0
2024-04-01 00:00:00,23.42,6.0,100.0,925914900.0,0
2024-04-01 06:00:00,22.23,6.0,100.0,878706731.0,0
2024-04-01 12:00:00,20.06,6.0,100.0,913557561.0,0
2024-04-01 18:00:00,55.58,9.0,10.0,921279949.0,0
2024-04-02 00:00:00,21.05,7.0,20.0,899627086.5206277,1
2024-04-02 06:00:00,21.05,7.0,20.0,899627086.5206277,1
2024-04-02 12:00:00,27.33,6.0,100.0,828426806.0,0
2024-04-02 18:00:00,22.82,6.0,100.0,929790098.5,0
2024-04-03 00:00:00,21.05,7.0,20.0,899627086.5206277,1
2024-04-03 06:00:00,21.05,7.0,20.0,899627086.5206277,1
2024-04-03 12:00:00,72.44,9.0,6.0,863061965.5,0
2024-04-03 18:00:00,21.05,7.0,20.0,899627086.5206277,1
2024-04-04 00:00:00,21.05,7.0,20.0,899627086.5206277,1
2024-04-04 06:00:00,14.04,6.0,100.0,881356168.0,0
2024-04-04 12:00:00,16.36,6.0,100.0,694888778.0,0
2024-04-04 18:00:00,56.68,9.0,10.0,930392515.0,0
2024-04-05 00:00:00,21.05,7.0,20.0,899627086.5206277,1
2024-04-05 06:00:00,21.05,7.0,20.0,899627086.5206277,1
2024-04-05 12:00:00,27.7,7.0,20.0,874252993.0,0
2024-04-05 18:00:00,24.48,6.0,100.0,923797417.5,0
2024-04-06 00:00:00,21.05,7.0,20.0,899627086.5206277,1
2024-04-06 06:00:00,21.05,7.0,20.0,899627086.5206277,1
2024-04-06 12:00:00,15.33,6.0,100.0,879807736.0,0
2024-04-06 18:00:00,62.52,9.0,10.0,919397458.0,0
2024-04-07 00:00:00,21.05,7.0,20.0,899627086.5206277,1
2024-04-07 06:00:00,21.05,6.0,100.0,922694072.5,0
2024-04-07 12:00:00,19.45,6.0,100.0,926941740.0,0
2024-04-07 18:00:00,28.04,6.0,100.0,926392279.0,0
2024-04-08 00:00:00,21.05,7.0,20.0,899627086.5206277,1
2024-04-08 06:00:00,27.63,6.0,100.0,916835613.0,0
2024-04-08 12:00:00,14.9,6.0,100.0,919706883.0,0
2024-04-08 18:00:00,21.05,7.0,20.0,899627086.5206277,1
2024-04-09 00:00:00,21.05,7.0,20.0,899627086.5206277,1
2024-04-09 06:00:00,21.05,7.0,20.0,899627086.5206277,1
2024-04-09 12:00:00,15.52,7.0,20.0,916510235.0,0
2024-04-09 18:00:00,55.98,9.0,10.0,917490183.5,0
2024-04-10 00:00:00,21.05,7.0,20.0,899627086.5206277,1
2024-04-10 06:00:00,21.05,7.0,20.0,899627086.5206277,1
2024-04-10 12:00:00,21.05,7.0,20.0,899627086.5206277,1
2024-04-10 18:00:00,51.96,9.0,10.0,866597628.0,0
2024-04-11 00:00:00,21.05,9.0,10.0,923193818.0,0
2024-04-11 06:00:00,21.05,6.0,100.0,923477512.0,0
2024-04-11 12:00:00,18.5,6.0,100.0,910533746.0,0
2024-04-11 18:00:00,19.49,6.0,100.0,923928907.0,0
2024-04-12 00:00:00,21.05,7.0,20.0,899627086.5206277,1
2024-04-12 06:00:00,13.22,6.0,100.0,925316909.0,0
2024-04-12 12:00:00,17.78,6.0,100.0,919501259.0,0
2024-04-12 18:00:00,48.4,9.0,10.0,929618957.0,0
2024-04-13 00:00:00,21.05,7.0,20.0,899627086.5206277,1
2024-04-13 06:00:00,23.15,6.0,100.0,922670298.0,0
2024-04-13 12:00:00,23.21,6.0,100.0,923640616.5,0
2024-04-13 18:00:00,16.43,6.0,100.0,939002906.0,0
2024-04-14 00:00:00,16.06,6.0,100.0,913044447.0,0
2024-04-14 06:00:00,20.83,6.0,100.0,925505361.5,0
2024-04-14 12:00:00,23.27,6.0,100.0,928937612.0,0
2024-04-14 18:00:00,18.13,6.0,100.0,925242607.0,0
2024-04-15 00:00:00,21.05,7.0,20.0,899627086.5206277,1
2024-04-15 06:00:00,21.05,7.0,20.0,899627086.5206277,1
2024-04-15 12:00:00,14.91,6.0,100.0,916127822.5,0
2024-04-15 18:00:00,30.22,6.0,100.0,926542230.0,0
2024-04-16 00:00:00,21.05,7.0,20.0,899627086.5206277,1
2024-04-16 06:00:00,21.05,7.0,20.0,899627086.5206277,1
2024-04-16 12:00:00,15.37,6.0,100.0,913227998.5,0
2024-04-16 18:00:00,19.41,6.0,100.0,920733710.0,0
2024-04-17 00:00:00,21.05,7.0,20.0,899627086.5206277,1
2024-04-17 06:00:00,21.05,7.0,20.0,899627086.5206277,1
2024-04-17 12:00:00,18.94,6.0,100.0,925632454.0,0
2024-04-17 18:00:00,21.05,7.0,20.0,899627086.5206277,1
2024-04-18 00:00:00,21.05,7.0,20.0,899627086.5206277,1
2024-04-18 06:00:00,21.05,7.0,20.0,899627086.5206277,1
2024-04-18 12:00:00,21.05,7.0,20.0,899627086.5206277,1
2024-04-18 18:00:00,21.05,7.0,20.0,899627086.5206277,1
2024-04-19 00:00:00,21.05,7.0,20.0,899627086.5206277,1
2024-04-19 06:00:00,19.16,6.0,100.0,924371340.0,0
2024-04-19 12:00:00,17.17,6.0,100.0,915883057.0,0
2024-04-19 18:00:00,54.71,9.0,10.0,917218163.5,0
2024-04-20 00:00:00,21.05,7.0,20.0,899627086.5206277,1
2024-04-20 06:00:00,54.21,9.0,10.0,918120600.0,0
2024-04-20 12:00:00,21.05,7.0,20.0,899627086.5206277,1
2024-04-20 18:00:00,55.36,9.0,10.0,351775722.0,0
2024-04-21 00:00:00,54.83,9.0,10.0,350591736.0,0
2024-04-21 06:00:00,21.05,7.0,20.0,899627086.5206277,1
2024-04-21 12:00:00,21.05,7.0,20.0,899627086.5206277,1
2024-04-21 18:00:00,35.71,8.0,100.0,925110570.0,0
2024-04-22 00:00:00,17.24,6.0,100.0,925786870.0,0
2024-04-22 06:00:00,16.95,6.0,100.0,927337650.0,0
2024-04-22 12:00:00,17.31,6.0,100.0,905001676.5,0
2024-04-22 18:00:00,21.05,7.0,20.0,899627086.5206277,1
2024-04-23 00:00:00,21.05,7.0,20.0,899627086.5206277,1
2024-04-23 06:00:00,53.54,9.0,10.0,917820821.0,0
2024-04-23 12:00:00,56.61,9.0,10.0,895012492.0,0
2024-04-23 18:00:00,25.78,7.0,20.0,916280358.0,0
2024-04-24 00:00:00,21.4,6.0,100.0,925699587.0,0
2024-04-24 06:00:00,21.48,7.0,20.0,912787005.0,0
2024-04-24 12:00:00,21.05,7.0,20.0,899627086.5206277,1
2024-04-24 18:00:00,21.05,7.0,20.0,899627086.5206277,1
2024-04-25 00:00:00,21.05,7.0,20.0,899627086.5206277,1
2024-04-25 06:00:00,21.05,7.0,20.0,899627086.5206277,1
2024-04-25 12:00:00,21.05,7.0,20.0,899627086.5206277,1
2024-04-25 18:00:00,21.05,7.0,20.0,899627086.5206277,1
2024-04-26 00:00:00,21.05,7.0,20.0,899627086.5206277,1
2024-04-26 06:00:00,21.05,7.0,20.0,899627086.5206277,1
2024-04-26 12:00:00,21.05,7.0,20.0,899627086.5206277,1
2024-04-26 18:00:00,21.05,7.0,20.0,899627086.5206277,1
2024-04-27 00:00:00,21.05,7.0,20.0,899627086.5206277,1
2024-04-27 06:00:00,21.05,7.0,20.0,899627086.5206277,1
2024-04-27 12:00:00,21.05,7.0,20.0,899627086.5206277,1
2024-04-27 18:00:00,21.05,7.0,20.0,899627086.5206277,1
2024-04-28 00:00:00,21.05,7.0,20.0,899627086.5206277,1
2024-04-28 06:00:00,21.05,7.0,20.0,899627086.5206277,1
2024-04-28 12:00:00,21.05,7.0,20.0,899627086.5206277,1
2024-04-28 18:00:00,21.05,7.0,20.0,899627086.5206277,1
2024-04-29 00:00:00,21.05,7.0,20.0,899627086.5206277,1
2024-04-29 06:00:00,21.05,7.0,20.0,899627086.5206277,1
2024-04-29 12:00:00,21.05,7.0,20.0,899627086.5206277,1
2024-04-29 18:00:00,21.05,7.0,20.0,899627086.5206277,1
2024-04-30 00:00:00,21.05,7.0,20.0,899627086.5206277,1
2024-04-30 06:00:00,18.07,6.0,100.0,916299878.0,0
2024-04-30 12:00:00,22.75,6.0,100.0,908618700.0,0
2024-04-30 18:00:00,21.08,6.0,100.0,914096128.0,0
2024-05-01 00:00:00,21.05,7.0,20.0,899627086.5206277,1
2024-05-01 06:00:00,21.19,6.0,100.0,908071147.5,0
2024-05-01 12:00:00,21.05,7.0,20.0,899627086.5206277,1
2024-05-01 18:00:00,21.05,7.0,20.0,899627086.5206277,1
2024-05-02 00:00:00,21.05,7.0,20.0,899627086.5206277,1
2024-05-02 06:00:00,21.05,7.0,20.0,899627086.5206277,1
2024-05-02 12:00:00,21.05,7.0,20.0,899627086.5206277,1
2024-05-02 18:00:00,21.05,7.0,20.0,899627086.5206277,1
2024-05-03 00:00:00,21.05,7.0,20.0,899627086.5206277,1
2024-05-03 06:00:00,21.05,7.0,20.0,899627086.5206277,1
2024-05-03 12:00:00,21.05,7.0,20.0,899627086.5206277,1
2024-05-03 18:00:00,21.05,7.0,20.0,899627086.5206277,1
2024-05-04 00:00:00,21.05,7.0,20.0,899627086.5206277,1
2024-05-04 06:00:00,21.05,7.0,20.0,899627086.5206277,1
2024-05-04 12:00:00,21.05,7.0,20.0,899627086.5206277,1
2024-05-04 18:00:00,21.05,7.0,20.0,899627086.5206277,1
2024-05-05 00:00:00,21.05,7.0,20.0,899627086.5206277,1
2024-05-05 06:00:00,21.05,7.0,20.0,899627086.5206277,1
2024-05-05 12:00:00,21.05,7.0,20.0,899627086.5206277,1
2024-05-05 18:00:00,21.05,7.0,20.0,899627086.5206277,1
2024-05-06 00:00:00,21.05,7.0,20.0,899627086.5206277,1
2024-05-06 06:00:00,21.05,7.0,20.0,899627086.5206277,1
2024-05-06 12:00:00,21.05,7.0,20.0,899627086.5206277,1
2024-05-06 18:00:00,21.05,7.0,20.0,899627086.5206277,1
2024-05-07 00:00:00,21.05,7.0,20.0,899627086.5206277,1
2024-05-07 06:00:00,21.05,7.0,20.0,899627086.5206277,1
2024-05-07 12:00:00,21.05,7.0,20.0,899627086.5206277,1
2024-05-07 18:00:00,21.05,7.0,20.0,899627086.5206277,1
2024-05-08 00:00:00,21.05,7.0,20.0,899627086.5206277,1
2024-05-08 06:00:00,33.22,9.0,10.0,910845679.0,0
2024-05-08 12:00:00,21.05,7.0,20.0,899627086.5206277,1
2024-05-08 18:00:00,24.36,30.0,20.0,923332624.0,0
2024-05-09 00:00:00,21.05,7.0,20.0,899627086.5206277,1
2024-05-09 06:00:00,22.42,7.0,20.0,903608967.0,0
2024-05-09 12:00:00,37.41,9.0,10.0,909430101.0,0
2024-05-09 18:00:00,32.68,10.0,10.0,921795695.0,0
2024-05-10 00:00:00,21.05,7.0,20.0,899627086.5206277,1
2024-05-10 06:00:00,33.18,10.0,10.0,913339024.5,0
2024-05-10 12:00:00,21.05,6.5,20.0,904440417.0,0
2024-05-10 18:00:00,19.34,6.0,100.0,920861883.0,0
2024-05-11 00:00:00,21.05,7.0,20.0,899627086.5206277,1
2024-05-11 06:00:00,32.24,9.0,10.0,918371371.5,0
2024-05-11 12:00:00,19.86,12.0,10.0,921057244.5,0
2024-05-11 18:00:00,21.05,7.0,20.0,899627086.5206277,1
2024-05-12 00:00:00,20.03,6.0,100.0,903505239.0,0
2024-05-12 06:00:00,20.38,6.0,100.0,910456555.5,0
2024-05-12 12:00:00,20.87,6.5,20.0,908330958.0,0
2024-05-12 18:00:00,20.24,6.0,100.0,918453400.0,0
2024-05-13 00:00:00,20.51,6.0,100.0,923386434.0,0
2024-05-13 06:00:00,21.05,7.0,20.0,899627086.5206277,1
2024-05-13 12:00:00,15.19,7.0,20.0,919077139.0,0
2024-05-13 18:00:00,18.18,6.0,100.0,911513794.0,0
2024-05-14 00:00:00,21.05,7.0,20.0,899627086.5206277,1
2024-05-14 06:00:00,21.05,6.0,100.0,922607113.5,0
2024-05-14 12:00:00,21.05,7.0,20.0,899627086.5206277,1
2024-05-14 18:00:00,21.05,7.0,20.0,899627086.5206277,1
2024-05-15 00:00:00,20.36,6.0,100.0,921435468.0,0
2024-05-15 06:00:00,21.05,7.0,20.0,899627086.5206277,1
2024-05-15 12:00:00,22.18,6.0,100.0,924549288.5,0
2024-05-15 18:00:00,21.05,7.0,20.0,899627086.5206277,1
2024-05-16 00:00:00,20.13,6.0,100.0,831155013.0,0
2024-05-16 06:00:00,19.37,6.0,100.0,922488241.0,0
2024-05-16 12:00:00,21.05,7.0,20.0,899627086.5206277,1
2024-05-16 18:00:00,21.05,7.0,20.0,899627086.5206277,1
2024-05-17 00:00:00,21.05,7.0,20.0,899627086.5206277,1
2024-05-17 06:00:00,21.05,7.0,20.0,899627086.5206277,1
2024-05-17 12:00:00,21.05,7.0,20.0,899627086.5206277,1
2024-05-17 18:00:00,21.05,7.0,20.0,899627086.5206277,1
2024-05-18 00:00:00,21.05,7.0,20.0,899627086.5206277,1
2024-05-18 06:00:00,19.43,6.0,100.0,925044059.0,0
2024-05-18 12:00:00,19.87,6.0,100.0,922575708.0,0
2024-05-18 18:00:00,19.83,6.0,100.0,920966419.0,0
2024-05-19 00:00:00,21.05,7.0,20.0,899627086.5206277,1
2024-05-19 06:00:00,24.93,9.0,10.0,920810421.0,0
2024-05-19 12:00:00,18.12,6.0,100.0,911372199.0,0
2024-05-19 18:00:00,20.42,6.0,100.0,924153405.5,0
2024-05-20 00:00:00,21.05,7.0,20.0,899627086.5206277,1
2024-05-20 06:00:00,26.52,9.0,10.0,918082782.0,0
2024-05-20 12:00:00,21.05,7.0,20.0,899627086.5206277,1
2024-05-20 18:00:00,19.4,7.0,20.0,897897306.0,0
2024-05-21 00:00:00,19.1,6.0,100.0,907649110.0,0
2024-05-21 06:00:00,21.05,7.0,20.0,899627086.5206277,1
2024-05-21 12:00:00,19.93,6.0,100.0,885738220.5,0
2024-05-21 18:00:00,19.39,6.0,100.0,918218281.0,0
2024-05-22 00:00:00,21.05,7.0,20.0,899627086.5206277,1
2024-05-22 06:00:00,19.27,6.0,100.0,924427051.0,0
2024-05-22 12:00:00,19.19,6.0,100.0,910163012.0,0
2024-05-22 18:00:00,19.79,6.0,100.0,926468954.0,0
2024-05-23 00:00:00,21.05,7.0,20.0,899627086.5206277,1
2024-05-23 06:00:00,21.05,7.0,20.0,899627086.5206277,1
2024-05-23 12:00:00,27.82,9.0,40.0,850025966.0,0
2024-05-23 18:00:00,21.05,7.0,20.0,899627086.5206277,1
2024-05-24 00:00:00,21.05,7.0,20.0,899627086.5206277,1
2024-05-24 06:00:00,20.56,6.0,100.0,903823246.0,0
2024-05-24 12:00:00,22.4,7.0,20.0,907382292.0,0
2024-05-24 18:00:00,19.59,6.0,100.0,908192327.5,0
2024-05-25 00:00:00,19.63,6.0,100.0,922132977.0,0
2024-05-25 06:00:00,21.05,7.0,20.0,899627086.5206277,1
2024-05-25 12:00:00,21.05,7.0,20.0,899627086.5206277,1
2024-05-25 18:00:00,19.14,6.0,100.0,856505109.5,0
2024-05-26 00:00:00,21.05,7.0,20.0,899627086.5206277,1
2024-05-26 06:00:00,19.24,6.0,100.0,875938193.0,0
2024-05-26 12:00:00,19.92,7.0,20.0,925521025.0,0
2024-05-26 18:00:00,21.05,7.0,20.0,899627086.5206277,1
2024-05-27 00:00:00,21.05,7.0,20.0,899627086.5206277,1
2024-05-27 06:00:00,19.85,6.0,100.0,849169051.5,0
2024-05-27 12:00:00,21.05,7.0,20.0,899627086.5206277,1
2024-05-27 18:00:00,20.28,6.0,100.0,916411472.0,0
2024-05-28 00:00:00,21.05,6.0,100.0,913678981.0,0
2024-05-28 06:00:00,21.05,6.0,100.0,923858139.0,0
2024-05-28 12:00:00,20.83,6.0,100.0,913835263.0,0
2024-05-28 18:00:00,19.4,6.0,100.0,916355116.0,0
2024-05-29 00:00:00,19.73,6.0,100.0,924137059.0,0
2024-05-29 06:00:00,21.05,7.0,20.0,899627086.5206277,1
2024-05-29 12:00:00,21.05,7.0,20.0,899627086.5206277,1
2024-05-29 18:00:00,21.05,7.0,20.0,899627086.5206277,1
2024-05-30 00:00:00,21.05,7.0,20.0,899627086.5206277,1
2024-05-30 06:00:00,21.05,7.0,20.0,899627086.5206277,1
2024-05-30 12:00:00,21.05,7.0,20.0,899627086.5206277,1
2024-05-30 18:00:00,21.05,7.0,20.0,899627086.5206277,1
2024-05-31 00:00:00,21.05,7.0,20.0,899627086.5206277,1
2024-05-31 06:00:00,21.05,7.0,20.0,899627086.5206277,1
2024-05-31 12:00:00,21.05,7.0,20.0,899627086.5206277,1
2024-05-31 18:00:00,21.05,7.0,20.0,899627086.5206277,1
2024-06-01 00:00:00,21.05,7.0,20.0,899627086.5206277,1
2024-06-01 06:00:00,21.05,7.0,20.0,899627086.5206277,1
2024-06-01 12:00:00,21.05,7.0,20.0,899627086.5206277,1
2024-06-01 18:00:00,21.05,7.0,20.0,899627086.5206277,1
2024-06-02 00:00:00,21.05,7.0,20.0,899627086.5206277,1
2024-06-02 06:00:00,21.05,7.0,20.0,899627086.5206277,1
2024-06-02 12:00:00,21.05,7.0,20.0,899627086.5206277,1
2024-06-02 18:00:00,21.05,7.0,20.0,899627086.5206277,1
2024-06-03 00:00:00,21.05,7.0,20.0,899627086.5206277,1
2024-06-03 06:00:00,21.05,7.0,20.0,899627086.5206277,1
2024-06-03 12:00:00,21.05,7.0,20.0,899627086.5206277,1
2024-06-03 18:00:00,21.05,7.0,20.0,899627086.5206277,1
2024-06-04 00:00:00,21.05,7.0,20.0,899627086.5206277,1
2024-06-04 06:00:00,21.05,7.0,20.0,899627086.5206277,1
2024-06-04 12:00:00,21.05,7.0,20.0,899627086.5206277,1
2024-06-04 18:00:00,21.05,7.0,20.0,899627086.5206277,1
2024-06-05 00:00:00,21.05,7.0,20.0,899627086.5206277,1
2024-06-05 06:00:00,21.05,7.0,20.0,899627086.5206277,1
2024-06-05 12:00:00,21.05,7.0,20.0,899627086.5206277,1
2024-06-05 18:00:00,21.05,7.0,20.0,899627086.5206277,1
2024-06-06 00:00:00,21.05,7.0,20.0,899627086.5206277,1
2024-06-06 06:00:00,21.05,7.0,20.0,899627086.5206277,1
2024-06-06 12:00:00,21.05,7.0,20.0,899627086.5206277,1
2024-06-06 18:00:00,21.05,7.0,20.0,899627086.5206277,1
2024-06-07 00:00:00,21.05,7.0,20.0,899627086.5206277,1
2024-06-07 06:00:00,19.38,6.0,100.0,887848096.5,0
2024-06-07 12:00:00,21.05,7.0,20.0,899627086.5206277,1
2024-06-07 18:00:00,19.48,6.0,100.0,907598632.0,0
2024-06-08 00:00:00,21.05,7.0,20.0,899627086.5206277,1
2024-06-08 06:00:00,27.77,9.0,10.0,911058491.0,0
2024-06-08 12:00:00,26.64,9.0,10.0,910792521.0,0
2024-06-08 18:00:00,18.25,6.0,100.0,924399265.0,0
2024-06-09 00:00:00,21.05,7.0,20.0,899627086.5206277,1
2024-06-09 06:00:00,19.36,6.0,100.0,920597575.0,0
2024-06-09 12:00:00,19.45,6.0,100.0,910323393.0,0
2024-06-09 18:00:00,19.04,6.0,100.0,916013980.5,0
2024-06-10 00:00:00,21.05,7.0,20.0,899627086.5206277,1
2024-06-10 06:00:00,19.56,6.0,100.0,909878453.0,0
2024-06-10 12:00:00,20.84,6.0,100.0,649751645.0,0
2024-06-10 18:00:00,19.1,6.0,100.0,921080342.0,0
2024-06-11 00:00:00,19.13,6.0,100.0,925423987.0,0
2024-06-11 06:00:00,19.48,6.0,100.0,865458437.0,0
2024-06-11 12:00:00,18.77,6.0,100.0,913044173.0,0
2024-06-11 18:00:00,19.54,6.0,100.0,926058298.0,0
2024-06-12 00:00:00,21.05,7.0,20.0,899627086.5206277,1
2024-06-12 06:00:00,19.23,6.0,100.0,920588197.67,0
2024-06-12 12:00:00,20.29,6.0,100.0,916587366.0,0
2024-06-12 18:00:00,18.67,6.0,100.0,890165682.0,0
2024-06-13 00:00:00,21.05,7.0,20.0,899627086.5206277,1
2024-06-13 06:00:00,19.48,6.0,100.0,875375679.0,0
2024-06-13 12:00:00,19.07,6.0,100.0,904922581.0,0
2024-06-13 18:00:00,21.05,7.0,20.0,899627086.5206277,1
2024-06-14 00:00:00,21.05,7.0,20.0,899627086.5206277,1
2024-06-14 06:00:00,19.91,6.0,100.0,925531159.0,0
2024-06-14 12:00:00,19.56,6.0,100.0,912842172.0,0
2024-06-14 18:00:00,21.05,6.0,100.0,919141644.67,0
2024-06-15 00:00:00,21.05,7.0,20.0,899627086.5206277,1
2024-06-15 06:00:00,21.05,7.0,20.0,899627086.5206277,1
2024-06-15 12:00:00,21.05,7.0,20.0,899627086.5206277,1
2024-06-15 18:00:00,21.05,7.0,20.0,899627086.5206277,1
2024-06-16 00:00:00,21.05,7.0,20.0,899627086.5206277,1
2024-06-16 06:00:00,21.05,7.0,20.0,899627086.5206277,1
2024-06-16 12:00:00,21.05,7.0,20.0,899627086.5206277,1
2024-06-16 18:00:00,21.05,7.0,20.0,899627086.5206277,1
2024-06-17 00:00:00,21.05,7.0,20.0,899627086.5206277,1
2024-06-17 06:00:00,21.05,7.0,20.0,899627086.5206277,1
2024-06-17 12:00:00,21.05,7.0,20.0,899627086.5206277,1
2024-06-17 18:00:00,21.05,7.0,20.0,899627086.5206277,1
2024-06-18 00:00:00,21.05,7.0,20.0,899627086.5206277,1
2024-06-18 06:00:00,21.05,7.0,20.0,899627086.5206277,1
2024-06-18 12:00:00,21.05,7.0,20.0,899627086.5206277,1
2024-06-18 18:00:00,21.05,7.0,20.0,899627086.5206277,1
2024-06-19 00:00:00,26.9,9.0,10.0,922230384.0,0
2024-06-19 06:00:00,26.74,9.0,10.0,906741684.5,0
2024-06-19 12:00:00,21.78,7.0,20.0,919707251.0,0
2024-06-19 18:00:00,21.05,7.0,20.0,899627086.5206277,1
2024-06-20 00:00:00,21.05,7.0,20.0,899627086.5206277,1
2024-06-20 06:00:00,21.05,7.0,20.0,899627086.5206277,1
2024-06-20 12:00:00,21.05,7.0,20.0,899627086.5206277,1
2024-06-20 18:00:00,21.05,7.0,20.0,899627086.5206277,1
2024-06-21 00:00:00,21.05,7.0,20.0,899627086.5206277,1
2024-06-21 06:00:00,21.05,7.0,20.0,899627086.5206277,1
2024-06-21 12:00:00,21.05,7.0,20.0,899627086.5206277,1
2024-06-21 18:00:00,21.05,7.0,20.0,899627086.5206277,1
2024-06-22 00:00:00,21.05,7.0,20.0,899627086.5206277,1
2024-06-22 06:00:00,21.05,7.0,20.0,899627086.5206277,1
2024-06-22 12:00:00,21.05,7.0,20.0,899627086.5206277,1
2024-06-22 18:00:00,21.05,7.0,20.0,899627086.5206277,1
2024-06-23 00:00:00,21.05,7.0,20.0,899627086.5206277,1
2024-06-23 06:00:00,21.05,7.0,20.0,899627086.5206277,1
2024-06-23 12:00:00,21.05,7.0,20.0,899627086.5206277,1
2024-06-23 18:00:00,21.05,7.0,20.0,899627086.5206277,1
2024-06-24 00:00:00,21.05,7.0,20.0,899627086.5206277,1
2024-06-24 06:00:00,21.05,7.0,20.0,899627086.5206277,1
2024-06-24 12:00:00,21.05,7.0,20.0,899627086.5206277,1
2024-06-24 18:00:00,21.05,7.0,20.0,912526777.0,0
2024-06-25 00:00:00,21.05,7.0,20.0,899627086.5206277,1
2024-06-25 06:00:00,26.14,9.0,10.0,922592914.0,0
2024-06-25 12:00:00,29.74,7.0,20.0,917766878.0,0
2024-06-25 18:00:00,21.05,9.0,10.0,923435195.0,0
2024-06-26 00:00:00,21.05,7.0,20.0,899627086.5206277,1
2024-06-26 06:00:00,26.04,9.0,10.0,916664070.5,0
2024-06-26 12:00:00,21.05,7.0,20.0,899627086.5206277,1
2024-06-26 18:00:00,19.6,6.0,100.0,918810002.0,0
2024-06-27 00:00:00,19.11,6.0,100.0,935441197.0,0
2024-06-27 06:00:00,19.71,6.0,100.0,923165894.0,0
2024-06-27 12:00:00,20.3,6.0,100.0,920076501.0,0
2024-06-27 18:00:00,18.44,6.0,100.0,923666577.5,0
2024-06-28 00:00:00,21.05,7.0,20.0,899627086.5206277,1
2024-06-28 06:00:00,19.55,6.0,100.0,924686606.0,0
2024-06-28 12:00:00,19.97,6.0,100.0,923115335.5,0
2024-06-28 18:00:00,20.04,30.0,20.0,925826929.0,0
2024-06-29 00:00:00,21.05,7.0,20.0,899627086.5206277,1
2024-06-29 06:00:00,19.16,6.0,100.0,915146565.0,0
2024-06-29 12:00:00,18.8,6.0,100.0,911553079.0,0
2024-06-29 18:00:00,17.98,6.0,100.0,912919251.0,0
2024-06-30 00:00:00,19.04,6.0,100.0,924945837.0,0
2024-06-30 06:00:00,19.15,6.0,100.0,922730058.0,0
2024-06-30 12:00:00,19.17,6.0,100.0,925740459.0,0
2024-06-30 18:00:00,18.2,6.0,100.0,925109182.0,0
2024-07-01 00:00:00,18.98,6.0,100.0,924478694.0,0
2024-07-01 06:00:00,18.85,6.0,100.0,925947953.0,0
2024-07-01 12:00:00,17.74,6.0,100.0,924219923.0,0
2024-07-01 18:00:00,26.8,9.0,10.0,909625022.0,0
2024-07-02 00:00:00,27.25,9.0,10.0,920080463.0,0
2024-07-02 06:00:00,29.57,10.0,10.0,907151941.0,0
2024-07-02 12:00:00,21.05,7.0,20.0,899627086.5206277,1
2024-07-02 18:00:00,26.29,9.0,10.0,890401159.0,0
2024-07-03 00:00:00,32.35,9.0,10.0,910287668.0,0
2024-07-03 06:00:00,27.56,9.0,10.0,915878304.5,0
2024-07-03 12:00:00,21.05,7.0,20.0,899627086.5206277,1
2024-07-03 18:00:00,26.95,9.0,10.0,922592361.5,0
2024-07-04 00:00:00,26.16,9.0,10.0,908777123.5,0
2024-07-04 06:00:00,26.33,9.0,10.0,907702401.0,0
2024-07-04 12:00:00,25.36,9.0,10.0,914834544.5,0
2024-07-04 18:00:00,25.26,9.0,10.0,924770258.0,0
2024-07-05 00:00:00,25.53,9.0,10.0,923850517.0,0
2024-07-05 06:00:00,25.73,9.0,10.0,923432423.0,0
2024-07-05 12:00:00,25.83,9.0,10.0,882326701.0,0
2024-07-05 18:00:00,24.1,9.0,10.0,922329017.0,0
2024-07-06 00:00:00,18.89,6.0,100.0,902544080.5,0
2024-07-06 06:00:00,25.09,9.0,10.0,924152401.0,0
2024-07-06 12:00:00,24.75,9.0,10.0,924585061.0,0
2024-07-06 18:00:00,20.06,6.0,100.0,921490824.5,0
2024-07-07 00:00:00,21.05,7.0,20.0,899627086.5206277,1
2024-07-07 06:00:00,24.56,9.0,10.0,923694200.0,0
2024-07-07 12:00:00,18.98,6.0,100.0,828194321.0,0
2024-07-07 18:00:00,19.43,6.0,100.0,925373317.0,0
2024-07-08 00:00:00,18.72,6.0,100.0,924219599.0,0
2024-07-08 06:00:00,21.05,7.0,20.0,899627086.5206277,1
2024-07-08 12:00:00,21.05,7.0,20.0,899627086.5206277,1
2024-07-08 18:00:00,25.97,9.0,10.0,919376895.67,0
2024-07-09 00:00:00,21.05,7.0,20.0,899627086.5206277,1
2024-07-09 06:00:00,24.82,9.0,10.0,913395570.5,0
2024-07-09 12:00:00,20.31,7.0,20.0,906959145.0,0
2024-07-09 18:00:00,21.05,7.0,20.0,899627086.5206277,1
2024-07-10 00:00:00,21.05,7.0,20.0,899627086.5206277,1
2024-07-10 06:00:00,25.42,9.0,10.0,918920670.5,0
2024-07-10 12:00:00,21.05,7.0,20.0,899627086.5206277,1
2024-07-10 18:00:00,26.76,9.0,10.0,921893132.33,0
2024-07-11 00:00:00,21.05,7.0,20.0,899627086.5206277,1
2024-07-11 06:00:00,21.05,7.0,20.0,899627086.5206277,1
2024-07-11 12:00:00,21.05,7.0,20.0,899627086.5206277,1
2024-07-11 18:00:00,18.41,9.0,10.0,925284281.0,0
2024-07-12 00:00:00,21.05,7.0,20.0,899627086.5206277,1
2024-07-12 06:00:00,26.22,9.0,10.0,918211224.0,0
2024-07-12 12:00:00,26.96,9.0,10.0,701996618.5,0
2024-07-12 18:00:00,21.05,7.0,20.0,899627086.5206277,1
2024-07-13 00:00:00,25.98,9.0,10.0,904922219.0,0
2024-07-13 06:00:00,25.57,9.0,10.0,919836583.5,0
2024-07-13 12:00:00,21.05,7.0,20.0,899627086.5206277,1
2024-07-13 18:00:00,21.05,7.0,20.0,899627086.5206277,1
2024-07-14 00:00:00,21.05,7.0,20.0,899627086.5206277,1
2024-07-14 06:00:00,21.05,7.0,20.0,899627086.5206277,1
2024-07-14 12:00:00,21.05,7.0,20.0,899627086.5206277,1
2024-07-14 18:00:00,21.05,7.0,20.0,899627086.5206277,1
2024-07-15 00:00:00,21.05,7.0,20.0,899627086.5206277,1
2024-07-15 06:00:00,21.05,7.0,20.0,899627086.5206277,1
2024-07-15 12:00:00,21.05,7.0,20.0,899627086.5206277,1
2024-07-15 18:00:00,21.05,7.0,20.0,899627086.5206277,1
2024-07-16 00:00:00,21.05,7.0,20.0,899627086.5206277,1
2024-07-16 06:00:00,21.05,7.0,20.0,899627086.5206277,1
2024-07-16 12:00:00,21.05,7.0,20.0,899627086.5206277,1
2024-07-16 18:00:00,21.05,7.0,20.0,899627086.5206277,1
2024-07-17 00:00:00,21.05,7.0,20.0,899627086.5206277,1
2024-07-17 06:00:00,21.05,7.0,20.0,899627086.5206277,1
2024-07-17 12:00:00,21.05,7.0,20.0,899627086.5206277,1
2024-07-17 18:00:00,21.05,7.0,20.0,899627086.5206277,1
2024-07-18 00:00:00,21.05,7.0,20.0,899627086.5206277,1
2024-07-18 06:00:00,21.05,7.0,20.0,899627086.5206277,1
2024-07-18 12:00:00,21.05,7.0,20.0,899627086.5206277,1
2024-07-18 18:00:00,21.05,7.0,20.0,899627086.5206277,1
2024-07-19 00:00:00,21.05,7.0,20.0,899627086.5206277,1
2024-07-19 06:00:00,21.05,7.0,20.0,899627086.5206277,1
2024-07-19 12:00:00,21.05,7.0,20.0,899627086.5206277,1
2024-07-19 18:00:00,21.05,7.0,20.0,899627086.5206277,1
2024-07-20 00:00:00,21.05,7.0,20.0,899627086.5206277,1
2024-07-20 06:00:00,21.05,7.0,20.0,899627086.5206277,1
2024-07-20 12:00:00,21.05,7.0,20.0,899627086.5206277,1
2024-07-20 18:00:00,21.05,7.0,20.0,899627086.5206277,1
2024-07-21 00:00:00,21.05,7.0,20.0,899627086.5206277,1
2024-07-21 06:00:00,21.05,7.0,20.0,899627086.5206277,1
2024-07-21 12:00:00,21.05,7.0,20.0,899627086.5206277,1
2024-07-21 18:00:00,21.05,6.0,100.0,930849076.5,0
2024-07-22 00:00:00,21.05,6.0,100.0,921807309.0,0
2024-07-22 06:00:00,21.05,6.0,100.0,924948704.0,0
2024-07-22 12:00:00,21.05,6.0,100.0,922588531.5,0
2024-07-22 18:00:00,21.05,6.0,100.0,901460771.5,0
2024-07-23 00:00:00,21.05,9.0,10.0,919130763.0,0
2024-07-23 06:00:00,21.05,9.0,10.0,909644588.5,0
2024-07-23 12:00:00,21.05,7.0,20.0,899627086.5206277,1
2024-07-23 18:00:00,21.05,9.0,10.0,914596094.0,0
2024-07-24 00:00:00,21.05,9.0,10.0,915093419.0,0
2024-07-24 06:00:00,21.05,9.0,10.0,925894182.0,0
2024-07-24 12:00:00,21.05,6.0,100.0,919936837.0,0
2024-07-24 18:00:00,21.05,6.0,100.0,910063533.0,0
2024-07-25 00:00:00,21.05,6.0,100.0,926105518.0,0
2024-07-25 06:00:00,21.05,6.0,100.0,912740144.0,0
2024-07-25 12:00:00,21.05,6.0,100.0,918764284.0,0
2024-07-25 18:00:00,21.05,6.0,100.0,917213241.5,0
2024-07-26 00:00:00,21.05,6.0,100.0,925054585.0,0
2024-07-26 06:00:00,21.05,6.0,100.0,911372324.0,0
2024-07-26 12:00:00,21.05,6.0,100.0,924166754.0,0
2024-07-26 18:00:00,21.05,9.0,10.0,916985672.0,0
2024-07-27 00:00:00,21.05,9.0,10.0,925214549.0,0
2024-07-27 06:00:00,21.05,6.0,100.0,926107324.0,0
2024-07-27 12:00:00,21.05,6.0,100.0,917336984.0,0
2024-07-27 18:00:00,21.05,7.0,20.0,899627086.5206277,1
2024-07-28 00:00:00,21.05,6.0,100.0,923560982.0,0
2024-07-28 06:00:00,21.05,6.0,100.0,924793082.0,0
2024-07-28 12:00:00,21.05,7.0,20.0,899627086.5206277,1
2024-07-28 18:00:00,21.05,6.0,100.0,924164906.0,0
2024-07-29 00:00:00,21.05,6.0,100.0,886256786.5,0
2024-07-29 06:00:00,21.05,6.0,100.0,922645596.0,0
2024-07-29 12:00:00,21.05,7.0,20.0,899627086.5206277,1
2024-07-29 18:00:00,21.05,7.0,20.0,899627086.5206277,1
2024-07-30 00:00:00,21.05,6.0,100.0,923815366.0,0
2024-07-30 06:00:00,21.05,6.0,100.0,923740902.0,0
2024-07-30 12:00:00,21.05,6.0,100.0,907542661.5,0
2024-07-30 18:00:00,21.05,6.0,100.0,925428337.0,0
2024-07-31 00:00:00,21.05,6.0,100.0,925157427.0,0
2024-07-31 06:00:00,21.05,6.0,100.0,934771898.0,0
2024-07-31 12:00:00,21.05,6.0,100.0,924163982.0,0
2024-07-31 18:00:00,21.05,7.0,20.0,899627086.5206277,1
2024-08-01 00:00:00,21.05,7.0,20.0,899627086.5206277,1
2024-08-01 06:00:00,21.05,6.0,100.0,916207131.5,0
2024-08-01 12:00:00,21.05,6.0,100.0,923908203.0,0
2024-08-01 18:00:00,21.05,7.0,20.0,899627086.5206277,1
2024-08-02 00:00:00,21.05,7.0,20.0,899627086.5206277,1
2024-08-02 06:00:00,21.05,7.0,20.0,906075201.0,0
2024-08-02 12:00:00,21.05,7.0,20.0,899627086.5206277,1
2024-08-02 18:00:00,21.05,7.0,20.0,925439178.0,0
2024-08-03 00:00:00,21.05,6.0,100.0,923956299.0,0
2024-08-03 06:00:00,21.05,6.0,100.0,913103952.0,0
2024-08-03 12:00:00,21.05,7.0,20.0,899627086.5206277,1
2024-08-03 18:00:00,21.05,7.0,20.0,929127482.67,0
2024-08-04 00:00:00,21.05,6.0,100.0,912893643.0,0
2024-08-04 06:00:00,21.05,7.0,20.0,899627086.5206277,1
2024-08-04 12:00:00,21.05,6.0,100.0,913499984.0,0
2024-08-04 18:00:00,21.05,6.0,100.0,759249612.0,0
2024-08-05 00:00:00,21.05,6.0,100.0,924430924.0,0
2024-08-05 06:00:00,21.05,7.0,20.0,899627086.5206277,1
2024-08-05 12:00:00,21.05,9.0,10.0,919600094.0,0
2024-08-05 18:00:00,21.05,6.0,100.0,917637070.5,0
2024-08-06 00:00:00,21.05,6.0,100.0,910114451.0,0
2024-08-06 06:00:00,21.05,6.0,100.0,924694882.0,0
2024-08-06 12:00:00,21.05,6.0,100.0,839492338.0,0
2024-08-06 18:00:00,21.05,6.0,100.0,925141886.0,0
2024-08-07 00:00:00,21.05,6.0,100.0,894392777.0,0
2024-08-07 06:00:00,21.05,6.0,100.0,920074759.0,0
2024-08-07 12:00:00,21.05,7.0,20.0,787009818.0,0
2024-08-07 18:00:00,21.05,9.0,10.0,926786538.0,0
2024-08-08 00:00:00,21.05,6.0,100.0,908433590.0,0
2024-08-08 06:00:00,21.05,6.0,100.0,904875164.0,0
2024-08-08 12:00:00,21.05,7.0,20.0,899627086.5206277,1
2024-08-08 18:00:00,21.05,6.0,100.0,918595658.0,0
2024-08-09 00:00:00,21.05,6.0,100.0,906338976.0,0
2024-08-09 06:00:00,21.05,6.0,100.0,892006792.33,0
2024-08-09 12:00:00,21.05,7.0,20.0,899627086.5206277,1
2024-08-09 18:00:00,21.05,7.0,20.0,899627086.5206277,1
2024-08-10 00:00:00,21.05,6.0,100.0,920849428.33,0
2024-08-10 06:00:00,21.05,6.0,100.0,917373629.5,0
2024-08-10 12:00:00,21.05,9.0,10.0,895734842.0,0
2024-08-10 18:00:00,21.05,9.0,10.0,909903097.0,0
2024-08-11 00:00:00,21.05,6.0,100.0,919385876.0,0
2024-08-11 06:00:00,21.05,6.0,100.0,893391754.0,0
2024-08-11 12:00:00,21.05,6.0,100.0,872595616.5,0
2024-08-11 18:00:00,21.05,6.0,100.0,746480504.5,0
2024-08-12 00:00:00,21.05,7.0,20.0,899627086.5206277,1
2024-08-12 06:00:00,21.05,6.0,100.0,925352986.67,0
2024-08-12 12:00:00,21.05,6.0,100.0,899409806.0,0
2024-08-12 18:00:00,21.05,7.0,20.0,897486815.67,0
2024-08-13 00:00:00,21.05,7.0,20.0,899627086.5206277,1
2024-08-13 06:00:00,21.05,7.0,20.0,899627086.5206277,1
2024-08-13 12:00:00,21.05,7.0,20.0,915773897.0,0
2024-08-13 18:00:00,21.05,6.0,100.0,924319096.0,0
2024-08-14 00:00:00,21.05,6.0,100.0,909210117.0,0
2024-08-14 06:00:00,21.05,6.0,100.0,901376255.0,0
2024-08-14 12:00:00,21.05,9.0,10.0,898919738.5,0
2024-08-14 18:00:00,21.05,7.0,20.0,924689750.0,0
2024-08-15 00:00:00,21.05,6.0,100.0,924799186.0,0
2024-08-15 06:00:00,21.05,6.0,100.0,900676069.5,0
2024-08-15 12:00:00,21.05,9.0,10.0,904187988.0,0
2024-08-15 18:00:00,21.05,6.0,100.0,925406762.5,0
2024-08-16 00:00:00,21.05,7.0,20.0,899627086.5206277,1
2024-08-16 06:00:00,21.05,6.0,100.0,907020054.0,0
2024-08-16 12:00:00,21.05,9.0,10.0,864500428.0,0
2024-08-16 18:00:00,21.05,8.0,100.0,918039324.0,0
2024-08-17 00:00:00,21.05,7.0,20.0,899627086.5206277,1
2024-08-17 06:00:00,21.05,6.0,100.0,898282458.5,0
2024-08-17 12:00:00,21.05,7.0,20.0,899627086.5206277,1
2024-08-17 18:00:00,21.05,6.0,100.0,923168295.0,0
2024-08-18 00:00:00,21.05,18.0,100.0,919701547.5,0
2024-08-18 06:00:00,21.05,6.0,100.0,893844453.0,0
2024-08-18 12:00:00,21.05,7.0,20.0,923479451.0,0
2024-08-18 18:00:00,21.05,7.0,20.0,899627086.5206277,1
2024-08-19 00:00:00,21.05,7.0,20.0,899627086.5206277,1
2024-08-19 06:00:00,21.05,7.0,20.0,899627086.5206277,1
2024-08-19 12:00:00,21.05,7.0,20.0,899627086.5206277,1
2024-08-19 18:00:00,21.05,7.0,20.0,899627086.5206277,1
2024-08-20 00:00:00,21.05,7.0,20.0,899627086.5206277,1
2024-08-20 06:00:00,21.05,7.0,20.0,899627086.5206277,1
2024-08-20 12:00:00,21.05,7.0,20.0,899627086.5206277,1
2024-08-20 18:00:00,21.05,7.0,20.0,899627086.5206277,1
2024-08-21 00:00:00,21.05,7.0,20.0,899627086.5206277,1
2024-08-21 06:00:00,21.05,7.0,20.0,899627086.5206277,1
2024-08-21 12:00:00,21.05,7.0,20.0,899627086.5206277,1
2024-08-21 18:00:00,21.05,7.0,20.0,899627086.5206277,1
2024-08-22 00:00:00,21.05,7.0,20.0,899627086.5206277,1
2024-08-22 06:00:00,21.05,7.0,20.0,899627086.5206277,1
2024-08-22 12:00:00,21.05,7.0,20.0,899627086.5206277,1
2024-08-22 18:00:00,21.05,7.0,20.0,899627086.5206277,1
2024-08-23 00:00:00,21.05,7.0,20.0,899627086.5206277,1
2024-08-23 06:00:00,21.05,7.0,20.0,899627086.5206277,1
2024-08-23 12:00:00,21.05,7.0,20.0,899627086.5206277,1
2024-08-23 18:00:00,21.05,7.0,20.0,899627086.5206277,1
2024-08-24 00:00:00,21.05,7.0,20.0,899627086.5206277,1
2024-08-24 06:00:00,21.05,7.0,20.0,899627086.5206277,1
2024-08-24 12:00:00,21.05,7.0,20.0,899627086.5206277,1
2024-08-24 18:00:00,21.05,7.0,20.0,899627086.5206277,1
2024-08-25 00:00:00,21.05,7.0,20.0,899627086.5206277,1
2024-08-25 06:00:00,21.05,7.0,20.0,899627086.5206277,1
2024-08-25 12:00:00,21.05,7.0,20.0,899627086.5206277,1
2024-08-25 18:00:00,21.05,7.0,20.0,899627086.5206277,1
2024-08-26 00:00:00,21.05,7.0,20.0,899627086.5206277,1
2024-08-26 06:00:00,21.05,7.0,20.0,899627086.5206277,1
2024-08-26 12:00:00,21.05,7.0,20.0,899627086.5206277,1
2024-08-26 18:00:00,21.05,7.0,20.0,899627086.5206277,1
2024-08-27 00:00:00,21.05,7.0,20.0,899627086.5206277,1
2024-08-27 06:00:00,21.05,7.0,20.0,899627086.5206277,1
2024-08-27 12:00:00,21.05,7.0,20.0,899627086.5206277,1
2024-08-27 18:00:00,21.05,7.0,20.0,899627086.5206277,1
2024-08-28 00:00:00,21.05,7.0,20.0,899627086.5206277,1
2024-08-28 06:00:00,21.05,7.0,20.0,899627086.5206277,1
2024-08-28 12:00:00,21.05,7.0,20.0,899627086.5206277,1
2024-08-28 18:00:00,21.05,7.0,20.0,899627086.5206277,1
2024-08-29 00:00:00,21.05,7.0,20.0,899627086.5206277,1
2024-08-29 06:00:00,21.05,7.0,20.0,899627086.5206277,1
2024-08-29 12:00:00,21.05,7.0,20.0,899627086.5206277,1
2024-08-29 18:00:00,21.05,7.0,20.0,899627086.5206277,1
2024-08-30 00:00:00,21.05,7.0,20.0,899627086.5206277,1
2024-08-30 06:00:00,21.05,7.0,20.0,899627086.5206277,1
2024-08-30 12:00:00,21.05,7.0,20.0,899627086.5206277,1
2024-08-30 18:00:00,21.05,7.0,20.0,899627086.5206277,1
2024-08-31 00:00:00,21.05,7.0,20.0,899627086.5206277,1
2024-08-31 06:00:00,21.05,7.0,20.0,899627086.5206277,1
2024-08-31 12:00:00,21.05,7.0,20.0,899627086.5206277,1
2024-08-31 18:00:00,21.05,7.0,20.0,899627086.5206277,1
2024-09-01 00:00:00,21.05,7.0,20.0,899627086.5206277,1
2024-09-01 06:00:00,21.05,7.0,20.0,899627086.5206277,1
2024-09-01 12:00:00,21.05,7.0,20.0,899627086.5206277,1
2024-09-01 18:00:00,21.05,7.0,20.0,899627086.5206277,1
2024-09-02 00:00:00,21.05,7.0,20.0,899627086.5206277,1
2024-09-02 06:00:00,21.05,7.0,20.0,899627086.5206277,1
2024-09-02 12:00:00,21.05,7.0,20.0,899627086.5206277,1
2024-09-02 18:00:00,21.05,7.0,20.0,899627086.5206277,1
2024-09-03 00:00:00,21.05,7.0,20.0,899627086.5206277,1
2024-09-03 06:00:00,21.05,7.0,20.0,899627086.5206277,1
2024-09-03 12:00:00,21.05,7.0,20.0,899627086.5206277,1
2024-09-03 18:00:00,21.05,7.0,20.0,899627086.5206277,1
2024-09-04 00:00:00,21.05,7.0,20.0,899627086.5206277,1
2024-09-04 06:00:00,21.05,7.0,20.0,899627086.5206277,1
2024-09-04 12:00:00,21.05,6.0,100.0,921754650.0,0
2024-09-04 18:00:00,21.05,6.0,100.0,923499306.5,0
2024-09-05 00:00:00,21.05,6.0,100.0,906599081.0,0
2024-09-05 06:00:00,21.05,7.0,20.0,899627086.5206277,1
2024-09-05 12:00:00,21.05,6.0,100.0,925421905.0,0
2024-09-05 18:00:00,21.05,8.0,10.0,923003993.0,0
2024-09-06 00:00:00,21.05,6.0,100.0,929538723.5,0
2024-09-06 06:00:00,21.05,6.0,100.0,917942238.0,0
2024-09-06 12:00:00,21.05,6.0,100.0,910374008.0,0
2024-09-06 18:00:00,21.05,6.0,100.0,924467358.0,0
2024-09-07 00:00:00,21.05,6.0,100.0,907954853.0,0
2024-09-07 06:00:00,21.05,6.0,100.0,926184957.5,0
2024-09-07 12:00:00,21.05,6.0,100.0,808456502.0,0
2024-09-07 18:00:00,21.05,9.0,6.0,841222886.5,0
2024-09-08 00:00:00,21.05,9.0,6.0,911216234.0,0
2024-09-08 06:00:00,21.05,9.0,6.0,854615503.0,0
2024-09-08 12:00:00,21.05,7.0,20.0,899627086.5206277,1
2024-09-08 18:00:00,21.05,9.0,6.0,787324352.0,0
2024-09-09 00:00:00,21.05,9.0,6.0,627194475.0,0
2024-09-09 06:00:00,21.05,7.0,20.0,930636426.0,0
2024-09-09 12:00:00,21.05,9.0,10.0,856799460.0,0
2024-09-09 18:00:00,21.05,9.0,6.0,758751111.0,0
2024-09-10 00:00:00,21.05,9.0,6.0,907146302.0,0
2024-09-10 06:00:00,21.05,7.0,20.0,905767255.0,0
2024-09-10 12:00:00,21.05,7.0,20.0,921178161.0,0
2024-09-10 18:00:00,21.05,7.0,20.0,899627086.5206277,1
2024-09-11 00:00:00,21.05,7.0,20.0,875301506.5,0
2024-09-11 06:00:00,21.05,7.0,20.0,911056624.0,0
2024-09-11 12:00:00,21.05,7.0,20.0,899627086.5206277,1
2024-09-11 18:00:00,21.05,7.0,20.0,919417158.0,0
2024-09-12 00:00:00,21.05,7.0,20.0,923638077.0,0
2024-09-12 06:00:00,21.05,7.0,20.0,920436709.0,0
2024-09-12 12:00:00,21.05,7.0,20.0,899627086.5206277,1
2024-09-12 18:00:00,21.05,7.0,20.0,911306254.0,0
2024-09-13 00:00:00,21.05,7.0,20.0,924091903.0,0
2024-09-13 06:00:00,21.05,7.0,20.0,918291533.0,0
2024-09-13 12:00:00,21.05,7.0,20.0,899627086.5206277,1
2024-09-13 18:00:00,21.05,7.0,20.0,908028945.5,0
2024-09-14 00:00:00,21.05,7.0,20.0,925164202.0,0
2024-09-14 06:00:00,21.05,7.0,20.0,922013245.0,0
2024-09-14 12:00:00,21.05,7.0,20.0,907437352.0,0
2024-09-14 18:00:00,21.05,7.0,20.0,895484760.0,0
2024-09-15 00:00:00,21.05,7.0,20.0,899627086.5206277,1
2024-09-15 06:00:00,21.05,7.0,20.0,923793746.0,0
2024-09-15 12:00:00,21.05,7.0,20.0,922345441.0,0
2024-09-15 18:00:00,21.05,7.0,20.0,924202417.0,0
2024-09-16 00:00:00,21.05,7.0,20.0,921656404.0,0
2024-09-16 06:00:00,21.05,7.0,20.0,899627086.5206277,1
2024-09-16 12:00:00,21.05,7.0,20.0,922407891.0,0
2024-09-16 18:00:00,21.05,7.0,20.0,902874688.0,0
2024-09-17 00:00:00,21.05,6.0,100.0,908120743.0,0
2024-09-17 06:00:00,21.05,6.0,100.0,909722750.5,0
2024-09-17 12:00:00,21.05,8.0,100.0,913923227.0,0
2024-09-17 18:00:00,21.05,6.0,100.0,909901096.0,0
2024-09-18 00:00:00,21.05,7.0,20.0,899627086.5206277,1
2024-09-18 06:00:00,21.05,6.0,100.0,925112129.0,0
2024-09-18 12:00:00,21.05,7.0,20.0,899627086.5206277,1
2024-09-18 18:00:00,21.05,7.0,20.0,899627086.5206277,1
2024-09-19 00:00:00,21.05,6.0,100.0,925395065.0,0
2024-09-19 06:00:00,21.05,7.0,20.0,922382230.0,0
2024-09-19 12:00:00,21.05,6.0,100.0,926701400.0,0
2024-09-19 18:00:00,21.05,6.0,100.0,846107364.0,0
2024-09-20 00:00:00,21.05,13.0,6.0,867699112.0,0
2024-09-20 06:00:00,21.05,7.0,20.0,925004555.0,0
2024-09-20 12:00:00,21.05,7.0,20.0,899627086.5206277,1
2024-09-20 18:00:00,21.05,6.0,100.0,918291393.5,0
2024-09-21 00:00:00,21.05,7.0,20.0,899627086.5206277,1
2024-09-21 06:00:00,21.05,7.0,20.0,925635693.0,0
2024-09-21 12:00:00,21.05,7.0,20.0,899627086.5206277,1
2024-09-21 18:00:00,21.05,7.0,20.0,912735078.0,0
2024-09-22 00:00:00,21.05,7.0,20.0,831765251.0,0
2024-09-22 06:00:00,21.05,7.0,20.0,899627086.5206277,1
2024-09-22 12:00:00,21.05,7.0,20.0,899627086.5206277,1
2024-09-22 18:00:00,21.05,7.0,20.0,860308093.0,0
2024-09-23 00:00:00,21.05,7.0,20.0,899627086.5206277,1
2024-09-23 06:00:00,21.05,7.0,20.0,892969777.0,0
2024-09-23 12:00:00,21.05,7.0,20.0,904348440.0,0
2024-09-23 18:00:00,21.05,7.0,20.0,769236468.0,0
2024-09-24 00:00:00,21.05,7.0,20.0,925423016.0,0
2024-09-24 06:00:00,21.05,7.0,20.0,917767016.5,0
2024-09-24 12:00:00,21.05,7.0,20.0,915408861.0,0
2024-09-24 18:00:00,21.05,7.0,20.0,924059309.0,0
2024-09-25 00:00:00,21.05,6.0,100.0,911477012.0,0
2024-09-25 06:00:00,21.05,7.0,20.0,899627086.5206277,1
2024-09-25 12:00:00,21.05,7.0,20.0,899627086.5206277,1
2024-09-25 18:00:00,21.05,7.0,20.0,909944441.0,0
2024-09-26 00:00:00,21.05,7.0,20.0,899627086.5206277,1
2024-09-26 06:00:00,21.05,7.0,20.0,923900400.0,0
2024-09-26 12:00:00,21.05,7.0,20.0,922642622.0,0
2024-09-26 18:00:00,21.05,7.0,20.0,923165617.5,0
2024-09-27 00:00:00,21.05,7.0,20.0,925001549.0,0
2024-09-27 06:00:00,21.05,7.0,20.0,922437090.0,0
2024-09-27 12:00:00,21.05,7.0,20.0,900771327.0,0
2024-09-27 18:00:00,21.05,7.0,20.0,925632546.0,0
2024-09-28 00:00:00,21.05,7.0,20.0,899627086.5206277,1
2024-09-28 06:00:00,21.05,7.0,20.0,899627086.5206277,1
2024-09-28 12:00:00,21.05,7.0,20.0,917628557.5,0
2024-09-28 18:00:00,21.05,7.0,20.0,925265729.0,0
2024-09-29 00:00:00,21.05,7.0,20.0,925368828.0,0
2024-09-29 06:00:00,21.05,7.0,20.0,899627086.5206277,1
2024-09-29 12:00:00,21.05,7.0,20.0,924270781.0,0
2024-09-29 18:00:00,21.05,7.0,20.0,923849686.0,0
2024-09-30 00:00:00,21.05,7.0,20.0,922258741.5,0
2024-09-30 06:00:00,21.05,7.0,20.0,925265220.0,0
2024-09-30 12:00:00,21.05,7.0,20.0,915198546.5,0
2024-09-30 18:00:00,21.05,7.0,20.0,899627086.5206277,1
2024-10-01 00:00:00,21.05,7.0,20.0,917387113.33,0
2024-10-01 06:00:00,21.05,7.0,20.0,785148285.5,0
2024-10-01 12:00:00,21.05,8.0,20.0,906756458.0,0
2024-10-01 18:00:00,21.05,7.0,20.0,899627086.5206277,1
2024-10-02 00:00:00,21.05,10.0,6.0,923484808.0,0
2024-10-02 06:00:00,21.05,7.0,20.0,899627086.5206277,1
2024-10-02 12:00:00,21.05,7.0,20.0,899627086.5206277,1
2024-10-02 18:00:00,21.05,9.0,10.0,925160177.5,0
2024-10-03 00:00:00,21.05,7.0,20.0,938212578.0,0
2024-10-03 06:00:00,21.05,7.0,20.0,923434964.0,0
2024-10-03 12:00:00,21.05,7.0,20.0,917561750.0,0
2024-10-03 18:00:00,21.05,7.0,20.0,923639970.0,0
2024-10-04 00:00:00,21.05,7.0,20.0,850868218.0,0
2024-10-04 06:00:00,21.05,7.0,20.0,912847745.5,0
2024-10-04 12:00:00,21.05,7.0,20.0,937483638.0,0
2024-10-04 18:00:00,21.05,7.0,20.0,904556031.0,0
2024-10-05 00:00:00,21.05,7.0,20.0,925343838.5,0
2024-10-05 06:00:00,21.05,7.0,20.0,899627086.5206277,1
2024-10-05 12:00:00,21.05,7.0,20.0,899627086.5206277,1
2024-10-05 18:00:00,21.05,7.0,20.0,924243575.5,0
2024-10-06 00:00:00,21.05,7.0,20.0,899627086.5206277,1
2024-10-06 06:00:00,21.05,7.0,20.0,925635832.0,0
2024-10-06 12:00:00,21.05,7.0,20.0,922474063.0,0
2024-10-06 18:00:00,21.05,7.0,20.0,918867801.0,0
2024-10-07 00:00:00,21.05,7.0,20.0,924687855.0,0
2024-10-07 06:00:00,21.05,7.0,20.0,923692676.0,0
2024-10-07 12:00:00,21.05,7.0,20.0,899627086.5206277,1
2024-10-07 18:00:00,21.05,7.0,20.0,899627086.5206277,1
2024-10-08 00:00:00,21.05,7.0,20.0,925031670.5,0
2024-10-08 06:00:00,21.05,7.0,20.0,924683001.0,0
2024-10-08 12:00:00,21.05,7.0,20.0,899627086.5206277,1
2024-10-08 18:00:00,21.05,11.0,6.0,822086790.0,0
2024-10-09 00:00:00,21.05,10.0,6.0,893063707.0,0
2024-10-09 06:00:00,21.05,7.0,20.0,899627086.5206277,1
2024-10-09 12:00:00,21.05,11.0,100.0,315936612.0,0
2024-10-09 18:00:00,21.05,7.0,20.0,899627086.5206277,1
2024-10-10 00:00:00,21.05,7.0,20.0,899627086.5206277,1
2024-10-10 06:00:00,21.05,7.0,20.0,925317695.0,0
2024-10-10 12:00:00,21.05,7.0,20.0,909693973.0,0
2024-10-10 18:00:00,21.05,13.0,6.0,718223028.0,0
2024-10-11 00:00:00,21.05,10.0,6.0,876661833.0,0
2024-10-11 06:00:00,21.05,7.0,20.0,899627086.5206277,1
2024-10-11 12:00:00,21.05,10.0,6.0,218904589.0,0
2024-10-11 18:00:00,21.05,10.0,6.0,789107131.0,0
2024-10-12 00:00:00,21.05,13.0,6.0,919162483.0,0
2024-10-12 06:00:00,21.05,7.0,20.0,908642402.0,0
2024-10-12 12:00:00,21.05,7.0,20.0,877345732.0,0
2024-10-12 18:00:00,21.05,7.0,20.0,911312940.0,0
2024-10-13 00:00:00,21.05,7.0,20.0,911842738.0,0
2024-10-13 06:00:00,21.05,7.0,20.0,902722418.0,0
2024-10-13 12:00:00,21.05,7.0,20.0,920887910.5,0
2024-10-13 18:00:00,21.05,7.0,20.0,899627086.5206277,1
2024-10-14 00:00:00,21.05,7.0,20.0,924527908.5,0
2024-10-14 06:00:00,21.05,7.0,20.0,916380240.5,0
2024-10-14 12:00:00,21.05,7.0,20.0,924896507.0,0
2024-10-14 18:00:00,21.05,7.0,20.0,913231134.5,0
2024-10-15 00:00:00,21.05,13.0,6.0,925472483.0,0
2024-10-15 06:00:00,21.05,7.0,20.0,921604828.0,0
2024-10-15 12:00:00,21.05,7.0,20.0,909704374.0,0
2024-10-15 18:00:00,21.05,7.0,20.0,917715502.0,0
2024-10-16 00:00:00,21.05,7.0,20.0,923404569.5,0
2024-10-16 06:00:00,21.05,7.0,20.0,919701653.5,0
2024-10-16 12:00:00,21.05,7.0,20.0,899627086.5206277,1
2024-10-16 18:00:00,21.05,7.0,20.0,922748954.0,0
2024-10-17 00:00:00,21.05,7.0,20.0,899627086.5206277,1
2024-10-17 06:00:00,21.05,7.0,100.0,925739996.0,0
2024-10-17 12:00:00,21.05,7.0,100.0,919339928.0,0
2024-10-17 18:00:00,21.05,7.0,20.0,920806968.0,0
2024-10-18 00:00:00,21.05,7.0,100.0,912257014.0,0
2024-10-18 06:00:00,21.05,7.0,100.0,936038417.0,0
2024-10-18 12:00:00,21.05,7.0,20.0,899627086.5206277,1
2024-10-18 18:00:00,21.05,7.0,10.0,916041927.0,0
2024-10-19 00:00:00,21.05,7.0,10.0,904449093.0,0
2024-10-19 06:00:00,21.05,7.0,100.0,920227674.0,0
2024-10-19 12:00:00,21.05,7.0,20.0,899627086.5206277,1
2024-10-19 18:00:00,21.05,7.0,10.0,919229873.33,0
2024-10-20 00:00:00,21.05,7.0,100.0,905849562.0,0
2024-10-20 06:00:00,21.05,7.0,10.0,876942524.0,0
2024-10-20 12:00:00,21.05,7.0,100.0,908171446.0,0
2024-10-20 18:00:00,21.05,7.0,100.0,912315647.0,0
2024-10-21 00:00:00,21.05,7.0,100.0,905498889.0,0
2024-10-21 06:00:00,21.05,7.0,20.0,899627086.5206277,1
2024-10-21 12:00:00,21.05,7.0,10.0,904240101.0,0
2024-10-21 18:00:00,21.05,7.0,10.0,906355027.33,0
2024-10-22 00:00:00,21.05,7.0,10.0,824391234.0,0
2024-10-22 06:00:00,21.05,7.0,10.0,922067979.0,0
2024-10-22 12:00:00,21.05,7.0,10.0,922595913.0,0
2024-10-22 18:00:00,21.05,7.0,10.0,917111817.5,0
2024-10-23 00:00:00,21.05,7.0,100.0,915930861.0,0
2024-10-23 06:00:00,21.05,7.0,10.0,924685543.0,0
2024-10-23 12:00:00,21.05,7.0,10.0,916402866.5,0
2024-10-23 18:00:00,21.05,7.0,10.0,912577152.0,0
2024-10-24 00:00:00,21.05,7.0,10.0,934952459.0,0
2024-10-24 06:00:00,21.05,7.0,10.0,925320564.0,0
2024-10-24 12:00:00,21.05,7.0,20.0,899627086.5206277,1
2024-10-24 18:00:00,21.05,7.0,10.0,916633214.0,0
2024-10-25 00:00:00,21.05,7.0,100.0,913283295.0,0
2024-10-25 06:00:00,21.05,7.0,10.0,907021456.5,0
2024-10-25 12:00:00,21.05,7.0,10.0,762076064.5,0
2024-10-25 18:00:00,21.05,7.0,20.0,899627086.5206277,1
2024-10-26 00:00:00,21.05,7.0,10.0,925374936.0,0
2024-10-26 06:00:00,21.05,7.0,20.0,899627086.5206277,1
2024-10-26 12:00:00,21.05,7.0,20.0,899627086.5206277,1
2024-10-26 18:00:00,21.05,7.0,10.0,907018058.0,0
2024-10-27 00:00:00,21.05,7.0,100.0,906337073.0,0
2024-10-27 06:00:00,21.05,7.0,20.0,899627086.5206277,1
2024-10-27 12:00:00,21.05,7.0,100.0,907664376.0,0
2024-10-27 18:00:00,21.05,7.0,20.0,899627086.5206277,1
2024-10-28 00:00:00,21.05,7.0,10.0,925291734.0,0
2024-10-28 06:00:00,21.05,7.0,20.0,899627086.5206277,1
2024-10-28 12:00:00,21.05,7.0,10.0,921536126.0,0
2024-10-28 18:00:00,21.05,7.0,100.0,911162575.0,0
2024-10-29 00:00:00,21.05,7.0,20.0,899627086.5206277,1
2024-10-29 06:00:00,21.05,7.0,10.0,914989372.5,0
2024-10-29 12:00:00,21.05,7.0,100.0,924218768.0,0
2024-10-29 18:00:00,21.05,7.0,20.0,899627086.5206277,1
2024-10-30 00:00:00,21.05,7.0,100.0,922578608.0,0
2024-10-30 06:00:00,21.05,10.0,40.0,902008752.0,0
2024-10-30 12:00:00,21.05,7.0,20.0,899627086.5206277,1
2024-10-30 18:00:00,21.05,7.0,100.0,917811245.0,0
2024-10-31 00:00:00,21.05,7.0,100.0,915160562.0,0
2024-10-31 06:00:00,21.05,7.0,20.0,899627086.5206277,1
2024-10-31 12:00:00,21.05,7.0,20.0,899627086.5206277,1
2024-10-31 18:00:00,21.05,7.0,20.0,899627086.5206277,1
2024-11-01 00:00:00,21.05,7.0,10.0,925002012.0,0
2024-11-01 06:00:00,21.05,7.0,10.0,923116097.0,0
2024-11-01 12:00:00,21.05,7.0,10.0,909483712.0,0
2024-11-01 18:00:00,21.05,7.0,10.0,923798365.0,0
2024-11-02 00:00:00,21.05,7.0,10.0,924271890.0,0
2024-11-02 06:00:00,21.05,7.0,10.0,922752274.0,0
2024-11-02 12:00:00,21.05,7.0,20.0,899627086.5206277,1
2024-11-02 18:00:00,21.05,7.0,100.0,923219246.0,0
2024-11-03 00:00:00,21.05,7.0,20.0,899627086.5206277,1
2024-11-03 06:00:00,21.05,7.0,20.0,902461085.0,0
2024-11-03 12:00:00,21.05,7.0,20.0,899627086.5206277,1
2024-11-03 18:00:00,21.05,7.0,10.0,918186518.5,0
2024-11-04 00:00:00,21.05,7.0,20.0,899627086.5206277,1
2024-11-04 06:00:00,21.05,7.0,10.0,840592883.0,0
2024-11-04 12:00:00,21.05,7.0,20.0,899627086.5206277,1
2024-11-04 18:00:00,21.05,7.0,10.0,925002613.0,0
2024-11-05 00:00:00,21.05,7.0,20.0,899627086.5206277,1
2024-11-05 06:00:00,21.05,7.0,100.0,917555832.0,0
2024-11-05 12:00:00,21.05,7.0,100.0,927571581.0,0
2024-11-05 18:00:00,21.05,7.0,20.0,899627086.5206277,1
2024-11-06 00:00:00,21.05,7.0,10.0,924362294.5,0
2024-11-06 06:00:00,21.05,7.0,100.0,927833587.0,0
2024-11-06 12:00:00,21.05,7.0,10.0,922329755.0,0
2024-11-06 18:00:00,21.05,7.0,100.0,927798156.0,0
2024-11-07 00:00:00,21.05,7.0,10.0,915989243.0,0
2024-11-07 06:00:00,21.05,7.0,20.0,899627086.5206277,1
2024-11-07 12:00:00,21.05,7.0,20.0,899627086.5206277,1
2024-11-07 18:00:00,21.05,7.0,20.0,899627086.5206277,1
2024-11-08 00:00:00,21.05,7.0,20.0,899627086.5206277,1
2024-11-08 06:00:00,21.05,7.0,20.0,899627086.5206277,1
2024-11-08 12:00:00,21.05,7.0,20.0,899627086.5206277,1
2024-11-08 18:00:00,21.05,7.0,100.0,938958927.0,0
2024-11-09 00:00:00,21.05,7.0,100.0,894701632.0,0
2024-11-09 06:00:00,21.05,7.0,20.0,899627086.5206277,1
2024-11-09 12:00:00,21.05,7.0,10.0,916507806.0,0
2024-11-09 18:00:00,21.05,7.0,10.0,919000151.0,0
2024-11-10 00:00:00,21.05,7.0,10.0,922642760.0,0
2024-11-10 06:00:00,21.05,7.0,10.0,914855501.5,0
2024-11-10 12:00:00,21.05,7.0,100.0,926602342.0,0
2024-11-10 18:00:00,21.05,7.0,10.0,914881736.0,0
2024-11-11 00:00:00,21.05,7.0,10.0,922845391.33,0
2024-11-11 06:00:00,21.05,7.0,20.0,899627086.5206277,1
2024-11-11 12:00:00,21.05,7.0,10.0,913231403.5,0
2024-11-11 18:00:00,21.05,7.0,100.0,928621087.0,0
2024-11-12 00:00:00,21.05,7.0,10.0,926745859.5,0
2024-11-12 06:00:00,21.05,8.0,10.0,928039543.0,0
2024-11-12 12:00:00,21.05,7.0,10.0,924165045.5,0
2024-11-12 18:00:00,21.05,7.0,10.0,928203605.0,0
2024-11-13 00:00:00,21.05,7.0,10.0,909143424.5,0
2024-11-13 06:00:00,21.05,7.0,10.0,906156674.5,0
2024-11-13 12:00:00,21.05,7.0,10.0,910743936.5,0
2024-11-13 18:00:00,21.05,7.0,10.0,908330912.0,0
2024-11-14 00:00:00,21.05,7.0,10.0,896036899.5,0
2024-11-14 06:00:00,21.05,7.0,10.0,915670548.0,0
2024-11-14 12:00:00,21.05,7.0,10.0,916824259.0,0
2024-11-14 18:00:00,21.05,7.0,10.0,927353799.0,0
2024-11-15 00:00:00,21.05,7.0,10.0,927203281.0,0
2024-11-15 06:00:00,21.05,7.0,10.0,916559227.0,0
2024-11-15 12:00:00,21.05,7.0,10.0,911780379.0,0
2024-11-15 18:00:00,21.05,7.0,10.0,927283687.0,0
2024-11-16 00:00:00,21.05,7.0,10.0,907377221.0,0
2024-11-16 06:00:00,21.05,7.0,10.0,927366549.0,0
2024-11-16 12:00:00,21.05,7.0,10.0,928879636.0,0
2024-11-16 18:00:00,21.05,7.0,10.0,926891767.0,0
2024-11-17 00:00:00,21.05,7.0,10.0,938482136.0,0
2024-11-17 06:00:00,21.05,7.0,10.0,919126943.5,0
2024-11-17 12:00:00,21.05,7.0,10.0,927359779.0,0
2024-11-17 18:00:00,21.05,7.0,10.0,927312057.0,0
2024-11-18 00:00:00,21.05,7.0,20.0,899627086.5206277,1
2024-11-18 06:00:00,21.05,7.0,10.0,915383859.5,0
2024-11-18 12:00:00,21.05,7.0,10.0,699351050.0,0
2024-11-18 18:00:00,21.05,8.0,10.0,857787079.5,0
2024-11-19 00:00:00,21.05,8.0,10.0,873414532.0,0
2024-11-19 06:00:00,21.05,9.0,10.0,836033657.0,0
2024-11-19 12:00:00,21.05,7.0,10.0,915934616.0,0
2024-11-19 18:00:00,21.05,7.0,10.0,864498270.5,0
2024-11-20 00:00:00,21.05,7.0,10.0,939734375.0,0
2024-11-20 06:00:00,21.05,7.0,20.0,899627086.5206277,1
2024-11-20 12:00:00,21.05,7.0,10.0,915774628.0,0
2024-11-20 18:00:00,21.05,7.0,100.0,927045995.0,0
2024-11-21 00:00:00,21.05,7.0,20.0,899627086.5206277,1
2024-11-21 06:00:00,21.05,7.0,10.0,906993453.5,0
2024-11-21 12:00:00,21.05,7.0,20.0,899627086.5206277,1
2024-11-21 18:00:00,21.05,7.0,10.0,907257531.0,0
2024-11-22 00:00:00,21.05,7.0,10.0,903297782.0,0
2024-11-22 06:00:00,21.05,7.0,10.0,901830809.0,0
2024-11-22 12:00:00,21.05,7.0,20.0,899627086.5206277,1
2024-11-22 18:00:00,21.05,7.0,100.0,903926748.0,0
2024-11-23 00:00:00,21.05,7.0,10.0,884712258.0,0
2024-11-23 06:00:00,21.05,7.0,10.0,903821755.0,0
2024-11-23 12:00:00,21.05,7.0,20.0,899627086.5206277,1
2024-11-23 18:00:00,21.05,8.0,10.0,895123572.0,0
2024-11-24 00:00:00,21.05,8.0,10.0,846517859.0,0
2024-11-24 06:00:00,21.05,7.0,20.0,899627086.5206277,1
2024-11-24 12:00:00,21.05,7.0,20.0,899627086.5206277,1
2024-11-24 18:00:00,21.05,7.0,20.0,899627086.5206277,1
2024-11-25 00:00:00,21.05,7.0,20.0,899627086.5206277,1
2024-11-25 06:00:00,21.05,7.0,20.0,899627086.5206277,1
2024-11-25 12:00:00,21.05,7.0,20.0,899627086.5206277,1
2024-11-25 18:00:00,21.05,7.0,100.0,901043113.0,0
2024-11-26 00:00:00,21.05,7.0,10.0,905498665.0,0
2024-11-26 06:00:00,21.05,7.0,10.0,902561611.0,0
2024-11-26 12:00:00,21.05,7.0,100.0,905657310.0,0
2024-11-26 18:00:00,21.05,7.0,100.0,899208460.5,0
2024-11-27 00:00:00,21.05,7.0,10.0,865439388.0,0
2024-11-27 06:00:00,21.05,7.0,100.0,902877493.0,0
2024-11-27 12:00:00,21.05,9.0,10.0,901909094.5,0
2024-11-27 18:00:00,21.05,7.0,10.0,871779408.0,0
2024-11-28 00:00:00,21.05,7.0,10.0,883738050.75,0
2024-11-28 06:00:00,21.05,9.0,10.0,899890307.0,0
2024-11-28 12:00:00,21.05,7.0,10.0,885887218.0,0
2024-11-28 18:00:00,21.05,7.0,10.0,899233259.5,0
2024-11-29 00:00:00,21.05,7.0,10.0,898731883.0,0
2024-11-29 06:00:00,21.05,7.0,10.0,902092368.0,0
2024-11-29 12:00:00,21.05,7.0,100.0,903035095.5,0
2024-11-29 18:00:00,21.05,7.0,10.0,901255352.0,0
2024-11-30 00:00:00,21.05,7.0,100.0,897477230.0,0
2024-11-30 06:00:00,21.05,7.0,10.0,902213649.67,0
2024-11-30 12:00:00,21.05,7.0,20.0,899627086.5206277,1
2024-11-30 18:00:00,21.05,7.0,10.0,901129202.0,0
2024-12-01 00:00:00,21.05,7.0,10.0,903560017.0,0
2024-12-01 06:00:00,21.05,7.0,100.0,904349480.0,0
2024-12-01 12:00:00,21.05,7.0,100.0,901698722.5,0
2024-12-01 18:00:00,21.05,7.0,100.0,905316114.5,0
2024-12-02 00:00:00,21.05,7.0,20.0,899627086.5206277,1
2024-12-02 06:00:00,21.05,7.0,100.0,904345818.0,0
2024-12-02 12:00:00,21.05,7.0,10.0,904687102.5,0
2024-12-02 18:00:00,21.05,7.0,100.0,902799190.0,0
2024-12-03 00:00:00,21.05,7.0,20.0,899627086.5206277,1
2024-12-03 06:00:00,21.05,7.0,100.0,900206214.33,0
2024-12-03 12:00:00,21.05,7.0,10.0,900572379.0,0
2024-12-03 18:00:00,21.05,7.0,100.0,901461823.0,0
2024-12-04 00:00:00,21.05,7.0,20.0,899627086.5206277,1
2024-12-04 06:00:00,21.05,7.0,100.0,901775743.5,0
2024-12-04 12:00:00,21.05,7.0,10.0,891498735.0,0
2024-12-04 18:00:00,21.05,7.0,20.0,899627086.5206277,1
2024-12-05 00:00:00,21.05,7.0,20.0,899627086.5206277,1
2024-12-05 06:00:00,21.05,7.0,100.0,905945983.5,0
2024-12-05 12:00:00,21.05,7.0,100.0,903142347.0,0
2024-12-05 18:00:00,21.05,7.0,100.0,902353069.0,0
2024-12-06 00:00:00,21.05,7.0,100.0,897953571.0,0
2024-12-06 06:00:00,21.05,7.0,100.0,901830043.0,0
2024-12-06 12:00:00,21.05,7.0,100.0,902825515.0,0
2024-12-06 18:00:00,21.05,7.0,100.0,908018019.0,0
2024-12-07 00:00:00,21.05,7.0,20.0,899627086.5206277,1
2024-12-07 06:00:00,21.05,7.0,10.0,903621111.0,0
2024-12-07 12:00:00,21.05,7.0,10.0,897321065.0,0
2024-12-07 18:00:00,21.05,8.0,10.0,902773019.0,0
2024-12-08 00:00:00,21.05,7.0,10.0,898726647.5,0
2024-12-08 06:00:00,21.05,7.0,100.0,900524182.0,0
2024-12-08 12:00:00,21.05,7.0,10.0,907858780.0,0
2024-12-08 18:00:00,21.05,7.0,10.0,901042798.0,0
2024-12-09 00:00:00,21.05,7.0,10.0,904924029.0,0
2024-12-09 06:00:00,21.05,7.0,10.0,909588206.0,0
2024-12-09 12:00:00,21.05,9.0,10.0,804363516.33,0
2024-12-09 18:00:00,21.05,7.0,20.0,899627086.5206277,1
2024-12-10 00:00:00,21.05,7.0,20.0,899627086.5206277,1
2024-12-10 06:00:00,21.05,7.0,10.0,906809114.0,0
2024-12-10 12:00:00,21.05,7.0,10.0,904294022.0,0
2024-12-10 18:00:00,21.05,7.0,10.0,904319898.5,0
2024-12-11 00:00:00,21.05,7.0,10.0,902249316.5,0
2024-12-11 06:00:00,21.05,7.0,10.0,900255419.0,0
2024-12-11 12:00:00,21.05,7.0,10.0,900781780.0,0
2024-12-11 18:00:00,21.05,8.0,10.0,904433606.5,0
2024-12-12 00:00:00,21.05,7.0,10.0,898051029.0,0
2024-12-12 06:00:00,21.05,7.0,10.0,887202593.0,0
2024-12-12 12:00:00,21.05,10.0,6.0,895825788.5,0
2024-12-12 18:00:00,21.05,8.0,10.0,904767316.0,0
2024-12-13 00:00:00,21.05,7.0,20.0,899627086.5206277,1
2024-12-13 06:00:00,21.05,8.0,10.0,892313698.5,0
2024-12-13 12:00:00,21.05,7.0,20.0,899627086.5206277,1
2024-12-13 18:00:00,21.05,7.0,20.0,899627086.5206277,1
2024-12-14 00:00:00,21.05,7.0,20.0,896847277.0,0
2024-12-14 06:00:00,21.05,9.0,10.0,898053678.0,0
2024-12-14 12:00:00,21.05,8.0,10.0,902561295.0,0
2024-12-14 18:00:00,21.05,8.0,10.0,898004213.0,0
2024-12-15 00:00:00,21.05,8.0,10.0,901669510.0,0
2024-12-15 06:00:00,21.05,8.0,10.0,902139925.0,0
2024-12-15 12:00:00,21.05,7.0,20.0,899627086.5206277,1
2024-12-15 18:00:00,21.05,8.0,10.0,904345818.0,0
2024-12-16 00:00:00,21.05,7.0,20.0,910454442.5,0
2024-12-16 06:00:00,21.05,9.0,10.0,900661588.0,0
2024-12-16 12:00:00,21.05,7.0,100.0,904452530.0,0
2024-12-16 18:00:00,21.05,7.0,100.0,904139338.5,0
2024-12-17 00:00:00,21.05,7.0,100.0,909065099.0,0
2024-12-17 06:00:00,21.05,7.0,100.0,902720928.0,0
2024-12-17 12:00:00,21.05,7.0,100.0,904136735.0,0
2024-12-17 18:00:00,21.05,7.0,100.0,904058322.5,0
2024-12-18 00:00:00,21.05,7.0,20.0,899627086.5206277,1
2024-12-18 06:00:00,21.05,7.0,100.0,901516326.0,0
2024-12-18 12:00:00,21.05,7.0,100.0,902720134.5,0
2024-12-18 18:00:00,21.05,7.0,100.0,903033831.0,0
2024-12-19 00:00:00,21.05,7.0,100.0,887097891.5,0
2024-12-19 06:00:00,21.05,7.0,100.0,906630487.5,0
2024-12-19 12:00:00,21.05,7.0,100.0,908069354.5,0
2024-12-19 18:00:00,21.05,7.0,100.0,904874767.0,0
2024-12-20 00:00:00,21.05,7.0,100.0,904815506.0,0
2024-12-20 06:00:00,21.05,7.0,100.0,904113052.0,0
2024-12-20 12:00:00,21.05,7.0,100.0,901595062.5,0
2024-12-20 18:00:00,21.05,8.0,10.0,895333690.0,0
2024-12-21 00:00:00,21.05,8.0,10.0,897343872.5,0
2024-12-21 06:00:00,21.05,7.0,20.0,899627086.5206277,1
2024-12-21 12:00:00,21.05,8.0,10.0,899629784.0,0
2024-12-21 18:00:00,21.05,7.0,10.0,898001564.0,0
2024-12-22 00:00:00,21.05,8.0,10.0,898212155.0,0
2024-12-22 06:00:00,21.05,8.0,10.0,897688247.0,0
2024-12-22 12:00:00,21.05,8.0,10.0,900831551.0,0
2024-12-22 18:00:00,21.05,7.0,10.0,895930309.5,0
2024-12-23 00:00:00,21.05,7.0,10.0,897320347.0,0
2024-12-23 06:00:00,21.05,7.0,10.0,896782371.0,0
2024-12-23 12:00:00,21.05,7.0,10.0,879390021.0,0
2024-12-23 18:00:00,21.05,7.0,10.0,895980879.5,0
2024-12-24 00:00:00,21.05,7.0,10.0,895119095.0,0
2024-12-24 06:00:00,21.05,7.0,20.0,899627086.5206277,1
2024-12-24 12:00:00,21.05,7.0,10.0,902880552.0,0
2024-12-24 18:00:00,21.05,7.0,10.0,893388494.5,0
2024-12-25 00:00:00,21.05,7.0,10.0,906810655.0,0
2024-12-25 06:00:00,21.05,7.0,10.0,892284854.0,0
2024-12-25 12:00:00,21.05,7.0,10.0,900116486.0,0
2024-12-25 18:00:00,21.05,7.0,10.0,897687125.0,0
2024-12-26 00:00:00,21.05,7.0,10.0,896259677.5,0
2024-12-26 06:00:00,21.05,7.0,10.0,900834547.0,0
2024-12-26 12:00:00,21.05,7.0,20.0,905218416.0,0
2024-12-26 18:00:00,21.05,7.0,10.0,910297069.0,0
2024-12-27 00:00:00,21.05,7.0,10.0,905392494.0,0
2024-12-27 06:00:00,21.05,7.0,10.0,900205693.0,0
2024-12-27 12:00:00,21.05,7.0,100.0,906703468.0,0
2024-12-27 18:00:00,21.05,7.0,20.0,899627086.5206277,1
2024-12-28 00:00:00,21.05,7.0,100.0,900597489.5,0
2024-12-28 06:00:00,21.05,7.0,100.0,900233825.0,0
2024-12-28 12:00:00,21.05,7.0,100.0,906489077.5,0
2024-12-28 18:00:00,21.05,7.0,100.0,905549463.0,0
2024-12-29 00:00:00,21.05,7.0,100.0,905656721.0,0
2024-12-29 06:00:00,21.05,7.0,100.0,907651061.0,0
2024-12-29 12:00:00,21.05,7.0,100.0,907701792.0,0
2024-12-29 18:00:00,21.05,7.0,100.0,898638753.0,0
2024-12-30 00:00:00,21.05,7.0,100.0,904184824.0,0
2024-12-30 06:00:00,21.05,7.0,100.0,903718614.0,0
2024-12-30 12:00:00,21.05,7.0,100.0,903667045.5,0
2024-12-30 18:00:00,21.05,7.0,20.0,899627086.5206277,1
2024-12-31 00:00:00,21.05,7.0,20.0,899627086.5206277,1
2024-12-31 06:00:00,21.05,7.0,100.0,853951138.0,0
2024-12-31 12:00:00,21.05,7.0,100.0,900886367.5,0
2024-12-31 18:00:00,21.05,7.0,100.0,900465045.0,0
2025-01-01 00:00:00,21.05,7.0,100.0,903822026.0,0
2025-01-01 06:00:00,21.05,7.0,100.0,887153269.0,0
2025-01-01 12:00:00,21.05,7.0,100.0,902352237.5,0
2025-01-01 18:00:00,21.05,7.0,20.0,899627086.5206277,1
2025-01-02 00:00:00,21.05,7.0,100.0,901411333.0,0
2025-01-02 06:00:00,21.05,7.0,100.0,905918050.0,0
2025-01-02 12:00:00,21.05,8.0,10.0,903037579.0,0
2025-01-02 18:00:00,21.05,7.0,20.0,899627086.5206277,1
2025-01-03 00:00:00,21.05,7.0,20.0,899627086.5206277,1
2025-01-03 06:00:00,21.05,7.0,20.0,899627086.5206277,1
2025-01-03 12:00:00,21.05,7.0,20.0,899627086.5206277,1
2025-01-03 18:00:00,21.05,7.0,10.0,891501855.0,0
2025-01-04 00:00:00,21.05,7.0,10.0,906182097.0,0
2025-01-04 06:00:00,21.05,7.0,100.0,891501276.0,0
2025-01-04 12:00:00,21.05,7.0,10.0,900179118.0,0
2025-01-04 18:00:00,21.05,7.0,10.0,900785813.5,0
2025-01-05 00:00:00,21.05,7.0,100.0,913415604.0,0
2025-01-05 06:00:00,21.05,7.0,100.0,893650415.0,0
2025-01-05 12:00:00,21.05,7.0,100.0,903977188.0,0
2025-01-05 18:00:00,21.05,7.0,100.0,901413586.0,0
2025-01-06 00:00:00,21.05,7.0,100.0,901150765.0,0
2025-01-06 06:00:00,21.05,7.0,100.0,901879045.0,0
2025-01-06 12:00:00,21.05,7.0,100.0,903037805.0,0
2025-01-06 18:00:00,21.05,7.0,20.0,899627086.5206277,1
2025-01-07 00:00:00,21.05,7.0,20.0,902207118.0,0
2025-01-07 06:00:00,21.05,7.0,100.0,895329012.5,0
2025-01-07 12:00:00,21.05,7.0,100.0,904976503.0,0
2025-01-07 18:00:00,21.05,7.0,100.0,892075407.0,0
2025-01-08 00:00:00,21.05,7.0,100.0,901527413.5,0
2025-01-08 06:00:00,21.05,7.0,100.0,904433848.0,0
2025-01-08 12:00:00,21.05,7.0,100.0,902774802.0,0
2025-01-08 18:00:00,21.05,7.0,10.0,903346920.5,0
2025-01-09 00:00:00,21.05,7.0,20.0,903061104.0,0
2025-01-09 06:00:00,21.05,7.0,100.0,907687379.0,0
2025-01-09 12:00:00,21.05,7.0,10.0,903663248.0,0
2025-01-09 18:00:00,21.05,7.0,20.0,899627086.5206277,1
2025-01-10 00:00:00,21.05,10.0,10.0,899417593.0,0
2025-01-10 06:00:00,21.05,7.0,10.0,833352817.0,0
2025-01-10 12:00:00,21.05,7.0,10.0,903952342.5,0
2025-01-10 18:00:00,21.05,7.0,10.0,902142496.0,0
2025-01-11 00:00:00,21.05,7.0,10.0,890400892.0,0
2025-01-11 06:00:00,21.05,7.0,10.0,879861969.0,0
2025-01-11 12:00:00,21.05,7.0,10.0,904794519.0,0
2025-01-11 18:00:00,21.05,7.0,10.0,902774937.0,0
2025-01-12 00:00:00,21.05,7.0,10.0,907071847.0,0
2025-01-12 06:00:00,21.05,7.0,10.0,900789017.5,0
2025-01-12 12:00:00,21.05,7.0,10.0,899785450.0,0
2025-01-12 18:00:00,21.05,7.0,10.0,903666366.0,0
2025-01-13 00:00:00,21.05,7.0,20.0,899627086.5206277,1
2025-01-13 06:00:00,21.05,7.0,10.0,907256387.0,0
2025-01-13 12:00:00,21.05,7.0,10.0,915460970.0,0
2025-01-13 18:00:00,21.05,7.0,10.0,885760712.0,0
2025-01-14 00:00:00,21.05,7.0,10.0,900676156.0,0
2025-01-14 06:00:00,21.05,7.0,10.0,902405362.0,0
2025-01-14 12:00:00,21.05,7.0,10.0,928780743.0,0
2025-01-14 18:00:00,21.05,7.0,10.0,901009194.0,0
2025-01-15 00:00:00,21.05,7.0,10.0,908701141.0,0
2025-01-15 06:00:00,21.05,7.0,10.0,914046578.0,0
2025-01-15 12:00:00,21.05,7.0,10.0,904931124.0,0
2025-01-15 18:00:00,21.05,7.0,20.0,899627086.5206277,1
2025-01-16 00:00:00,21.05,7.0,10.0,903191885.0,0
2025-01-16 06:00:00,21.05,7.0,10.0,913049104.0,0
2025-01-16 12:00:00,21.05,9.0,10.0,904840257.0,0
2025-01-16 18:00:00,21.05,8.0,10.0,902196594.0,0
2025-01-17 00:00:00,21.05,8.0,10.0,910272785.0,0
2025-01-17 06:00:00,21.05,7.0,10.0,904270492.5,0
2025-01-17 12:00:00,21.05,7.0,20.0,899627086.5206277,1
2025-01-17 18:00:00,21.05,7.0,10.0,896823013.5,0
2025-01-18 00:00:00,21.05,7.0,10.0,885156935.0,0
2025-01-18 06:00:00,21.05,7.0,10.0,897022772.0,0
2025-01-18 12:00:00,21.05,7.0,10.0,901462454.0,0
2025-01-18 18:00:00,21.05,7.0,20.0,899627086.5206277,1
2025-01-19 00:00:00,21.05,7.0,20.0,899627086.5206277,1
2025-01-19 06:00:00,21.05,7.0,10.0,903247066.0,0
2025-01-19 12:00:00,21.05,10.0,6.0,901232550.0,0
2025-01-19 18:00:00,21.05,7.0,10.0,894594135.0,0
2025-01-20 00:00:00,21.05,7.0,10.0,899479376.0,0
2025-01-20 06:00:00,21.05,7.0,10.0,902874147.0,0
2025-01-20 12:00:00,21.05,9.0,10.0,899060179.0,0
2025-01-20 18:00:00,21.05,8.0,10.0,902193437.0,0
2025-01-21 00:00:00,21.05,7.0,10.0,872897401.0,0
2025-01-21 06:00:00,21.05,7.0,20.0,899627086.5206277,1
2025-01-21 12:00:00,21.05,7.0,20.0,899627086.5206277,1
2025-01-21 18:00:00,21.05,7.0,10.0,900712008.33,0
2025-01-22 00:00:00,21.05,7.0,10.0,902877989.0,0
2025-01-22 06:00:00,21.05,7.0,10.0,908596646.0,0
2025-01-22 12:00:00,21.05,10.0,6.0,808793433.0,0
2025-01-22 18:00:00,21.05,7.0,10.0,896586298.0,0
2025-01-23 00:00:00,21.05,7.0,20.0,899627086.5206277,1
2025-01-23 06:00:00,21.05,7.0,20.0,899627086.5206277,1
2025-01-23 12:00:00,21.05,7.0,20.0,899627086.5206277,1
2025-01-23 18:00:00,25.69,7.0,10.0,902090970.0,0
2025-01-24 00:00:00,21.05,7.0,20.0,899627086.5206277,1
2025-01-24 06:00:00,21.05,7.0,20.0,899627086.5206277,1
2025-01-24 12:00:00,25.11,7.0,10.0,901043879.0,0
2025-01-24 18:00:00,32.12,7.0,10.0,907961322.0,0
2025-01-25 00:00:00,28.74,10.0,10.0,898001519.0,0
2025-01-25 06:00:00,25.99,7.0,10.0,892705400.0,0
2025-01-25 12:00:00,25.14,7.0,10.0,904398427.0,0
2025-01-25 18:00:00,24.67,7.0,10.0,906397468.0,0
2025-01-26 00:00:00,21.05,7.0,20.0,899627086.5206277,1
2025-01-26 06:00:00,25.23,7.0,10.0,905551999.0,0
2025-01-26 12:00:00,21.05,7.0,20.0,899627086.5206277,1
2025-01-26 18:00:00,25.3,7.0,10.0,905867570.5,0
2025-01-27 00:00:00,21.05,7.0,20.0,899627086.5206277,1
2025-01-27 06:00:00,24.8,7.0,10.0,901984037.0,0
2025-01-27 12:00:00,21.05,7.0,20.0,899627086.5206277,1
2025-01-27 18:00:00,21.05,7.0,20.0,899627086.5206277,1
2025-01-28 00:00:00,26.01,7.0,10.0,888590787.5,0
2025-01-28 06:00:00,21.05,7.0,20.0,899627086.5206277,1
2025-01-28 12:00:00,24.58,8.0,10.0,904033188.0,0
2025-01-28 18:00:00,24.92,7.0,10.0,889115711.0,0
2025-01-29 00:00:00,25.37,7.0,10.0,902355866.0,0
2025-01-29 06:00:00,25.3,7.0,10.0,912950865.0,0
2025-01-29 12:00:00,25.27,8.0,10.0,897110946.0,0
2025-01-29 18:00:00,24.02,8.0,10.0,905183322.0,0
2025-01-30 00:00:00,21.05,7.0,20.0,899627086.5206277,1
2025-01-30 06:00:00,21.05,7.0,20.0,899627086.5206277,1
2025-01-30 12:00:00,21.05,7.0,20.0,899627086.5206277,1
2025-01-30 18:00:00,24.89,7.0,10.0,899860369.5,0
2025-01-31 00:00:00,38.0,7.0,10.0,899523755.0,0
2025-01-31 06:00:00,24.98,7.0,10.0,903511112.0,0
2025-01-31 12:00:00,25.49,7.0,10.0,902878035.0,0
2025-01-31 18:00:00,26.23,7.0,10.0,901411152.0,0
2025-02-01 00:00:00,25.74,7.0,10.0,903637575.5,0
2025-02-01 06:00:00,25.57,7.0,10.0,901306565.0,0
2025-02-01 12:00:00,26.22,7.0,10.0,899652728.0,0
2025-02-01 18:00:00,26.0,7.0,10.0,918187640.0,0
2025-02-02 00:00:00,26.06,7.0,10.0,891236367.0,0
2025-02-02 06:00:00,26.91,7.0,10.0,899840623.0,0
2025-02-02 12:00:00,25.37,7.0,10.0,900467566.0,0
2025-02-02 18:00:00,25.12,7.0,10.0,901909497.0,0
2025-02-03 00:00:00,26.56,7.0,10.0,912368030.0,0
2025-02-03 06:00:00,25.86,7.0,10.0,905551635.0,0
2025-02-03 12:00:00,26.27,7.0,10.0,908225237.0,0
2025-02-03 18:00:00,21.05,7.0,20.0,899627086.5206277,1
2025-02-04 00:00:00,21.05,7.0,10.0,889454058.0,0
2025-02-04 06:00:00,21.05,7.0,10.0,900413561.0,0
2025-02-04 12:00:00,24.87,7.0,10.0,908592466.0,0
2025-02-04 18:00:00,25.98,7.0,10.0,924999680.0,0
2025-02-05 00:00:00,22.09,7.0,100.0,903192364.0,0
2025-02-05 06:00:00,21.9,7.0,100.0,903427107.0,0
2025-02-05 12:00:00,22.33,7.0,100.0,904923213.0,0
2025-02-05 18:00:00,21.11,7.0,100.0,904821568.0,0
2025-02-06 00:00:00,22.98,7.0,100.0,904662291.0,0
2025-02-06 06:00:00,22.29,7.0,100.0,853437585.0,0
2025-02-06 12:00:00,21.21,7.0,100.0,903871743.0,0
2025-02-06 18:00:00,22.07,7.0,100.0,908017337.0,0
2025-02-07 00:00:00,22.45,7.0,100.0,908277257.0,0
2025-02-07 06:00:00,22.43,7.0,100.0,909015248.5,0
2025-02-07 12:00:00,22.29,7.0,100.0,903480878.5,0
2025-02-07 18:00:00,22.77,7.0,100.0,907072029.0,0
2025-02-08 00:00:00,22.41,7.0,100.0,755868513.0,0
2025-02-08 06:00:00,21.05,7.0,20.0,899627086.5206277,1
2025-02-08 12:00:00,25.29,7.0,10.0,900727684.0,0
2025-02-08 18:00:00,24.94,7.0,10.0,826644848.0,0
2025-02-09 00:00:00,36.06,7.0,10.0,898742437.0,0
2025-02-09 06:00:00,21.05,7.0,20.0,899627086.5206277,1
2025-02-09 12:00:00,39.71,7.0,10.0,891920440.0,0
2025-02-09 18:00:00,24.74,7.0,10.0,903243231.5,0
2025-02-10 00:00:00,21.05,7.0,20.0,899627086.5206277,1
2025-02-10 06:00:00,26.36,7.0,10.0,901722841.0,0
2025-02-10 12:00:00,24.93,7.0,10.0,894429057.5,0
2025-02-10 18:00:00,23.8,7.0,10.0,904135876.0,0
2025-02-11 00:00:00,21.05,7.0,20.0,899627086.5206277,1
2025-02-11 06:00:00,37.67,7.0,10.0,900578323.0,0
2025-02-11 12:00:00,21.05,7.0,20.0,899627086.5206277,1
2025-02-11 18:00:00,24.86,7.0,10.0,907359526.0,0
2025-02-12 00:00:00,25.23,7.0,10.0,900154526.0,0
2025-02-12 06:00:00,25.77,7.0,10.0,906286683.0,0
2025-02-12 12:00:00,25.8,7.0,10.0,903639682.5,0
2025-02-12 18:00:00,22.77,7.0,100.0,903983561.0,0
2025-02-13 00:00:00,21.05,7.0,20.0,899627086.5206277,1
2025-02-13 06:00:00,22.08,7.0,100.0,907310308.5,0
2025-02-13 12:00:00,21.5,7.0,100.0,905553448.5,0
2025-02-13 18:00:00,22.69,7.0,100.0,904927603.0,0
2025-02-14 00:00:00,21.98,7.0,100.0,827517791.0,0
2025-02-14 06:00:00,21.05,7.0,20.0,899627086.5206277,1
2025-02-14 12:00:00,22.06,7.0,100.0,906444378.0,0
2025-02-14 18:00:00,21.05,7.0,20.0,899627086.5206277,1
2025-02-15 00:00:00,21.05,7.0,20.0,899627086.5206277,1
2025-02-15 06:00:00,22.57,7.0,100.0,903617913.0,0
2025-02-15 12:00:00,22.19,7.0,100.0,908701595.0,0
2025-02-15 18:00:00,25.85,7.0,10.0,903325260.0,0
2025-02-16 00:00:00,25.73,7.0,10.0,903053157.0,0
2025-02-16 06:00:00,25.34,7.0,10.0,902485367.0,0
2025-02-16 12:00:00,25.35,7.0,10.0,914678653.0,0
2025-02-16 18:00:00,26.08,10.0,10.0,905343506.0,0
2025-02-17 00:00:00,25.48,7.0,10.0,898681162.0,0
2025-02-17 06:00:00,24.29,8.0,10.0,906179360.0,0
2025-02-17 12:00:00,22.15,7.0,100.0,909324425.0,0
2025-02-17 18:00:00,22.19,7.0,100.0,874930327.0,0
2025-02-18 00:00:00,22.14,7.0,100.0,904033865.0,0
2025-02-18 06:00:00,21.38,7.0,100.0,905287546.0,0
2025-02-18 12:00:00,21.28,7.0,100.0,905211731.0,0
2025-02-18 18:00:00,20.81,7.0,100.0,900950164.0,0
2025-02-19 00:00:00,22.44,7.0,100.0,886834127.0,0
2025-02-19 06:00:00,21.65,7.0,100.0,904503783.0,0
2025-02-19 12:00:00,22.75,7.0,100.0,906758937.5,0
2025-02-19 18:00:00,21.05,7.0,20.0,899627086.5206277,1
2025-02-20 00:00:00,22.06,7.0,100.0,892705768.0,0
2025-02-20 06:00:00,21.55,7.0,100.0,878391186.67,0
2025-02-20 12:00:00,22.21,7.0,100.0,897761090.0,0
2025-02-20 18:00:00,23.38,7.0,100.0,901568529.0,0
2025-02-21 00:00:00,22.3,7.0,100.0,901673793.0,0
2025-02-21 06:00:00,22.09,7.0,100.0,904829863.0,0
2025-02-21 12:00:00,21.61,7.0,100.0,904452168.0,0
2025-02-21 18:00:00,22.6,7.0,100.0,903981300.0,0
2025-02-22 00:00:00,22.03,7.0,100.0,904136690.0,0
2025-02-22 06:00:00,22.34,7.0,100.0,875309817.0,0
2025-02-22 12:00:00,24.57,7.0,10.0,917320804.5,0
2025-02-22 18:00:00,25.03,7.0,10.0,909274542.0,0
2025-02-23 00:00:00,23.99,7.0,10.0,900116096.0,0
2025-02-23 06:00:00,24.9,7.0,10.0,906618545.67,0
2025-02-23 12:00:00,25.0,7.0,10.0,901410161.0,0
2025-02-23 18:00:00,23.98,7.0,10.0,910768765.0,0
2025-02-24 00:00:00,23.94,7.0,10.0,836920850.0,0
2025-02-24 06:00:00,24.67,7.0,10.0,903561011.0,0
2025-02-24 12:00:00,23.23,7.0,10.0,893232100.0,0
2025-02-24 18:00:00,24.93,7.0,10.0,901465249.0,0
2025-02-25 00:00:00,24.16,7.0,10.0,902984563.0,0
2025-02-25 06:00:00,21.44,7.0,100.0,853645209.0,0
2025-02-25 12:00:00,21.08,7.0,100.0,899785135.0,0
2025-02-25 18:00:00,24.04,7.0,10.0,883296169.5,0
2025-02-26 00:00:00,21.05,7.0,20.0,899627086.5206277,1
2025-02-26 06:00:00,21.43,7.0,100.0,905183251.0,0
2025-02-26 12:00:00,22.06,7.0,100.0,906156021.5,0
2025-02-26 18:00:00,21.63,7.0,100.0,907649200.0,0
2025-02-27 00:00:00,21.53,7.0,100.0,874354922.0,0
2025-02-27 06:00:00,21.92,7.0,100.0,903822478.0,0
2025-02-27 12:00:00,38.58,7.0,10.0,901227469.0,0
2025-02-27 18:00:00,23.8,7.0,10.0,826960532.0,0
2025-02-28 00:00:00,21.19,7.0,100.0,903770727.0,0
2025-02-28 06:00:00,23.88,7.0,10.0,905342509.5,0
2025-02-28 12:00:00,23.91,7.0,10.0,899969854.5,0
2025-02-28 18:00:00,25.21,8.0,10.0,899624879.0,0
2025-03-01 00:00:00,21.05,7.0,20.0,899627086.5206277,1
2025-03-01 06:00:00,20.62,7.0,100.0,910637557.0,0
2025-03-01 12:00:00,23.78,8.0,10.0,903690500.5,0
2025-03-01 18:00:00,23.64,8.0,10.0,901409935.0,0
2025-03-02 00:00:00,20.44,7.0,100.0,648858796.0,0
2025-03-02 06:00:00,29.7,10.0,10.0,867437324.5,0
2025-03-02 12:00:00,21.05,7.0,20.0,899627086.5206277,1
2025-03-02 18:00:00,21.15,7.0,100.0,905157356.5,0
2025-03-03 00:00:00,21.05,7.0,20.0,899627086.5206277,1
2025-03-03 06:00:00,25.55,8.0,10.0,903974115.0,0
2025-03-03 12:00:00,22.27,7.0,100.0,903162327.5,0
2025-03-03 18:00:00,21.27,7.0,100.0,902805446.5,0
2025-03-04 00:00:00,21.18,7.0,20.0,645276925.0,0
2025-03-04 06:00:00,21.81,7.0,100.0,906971706.0,0
2025-03-04 12:00:00,24.75,7.0,10.0,904349799.0,0
2025-03-04 18:00:00,24.44,7.0,10.0,906860046.0,0
2025-03-05 00:00:00,22.17,7.0,20.0,896193807.5,0
2025-03-05 06:00:00,21.9,7.0,100.0,783502059.0,0
2025-03-05 12:00:00,21.05,7.0,100.0,903873054.0,0
2025-03-05 18:00:00,21.44,7.0,100.0,907656837.0,0
2025-03-06 00:00:00,22.26,7.0,100.0,909798012.0,0
2025-03-06 06:00:00,21.78,7.0,100.0,907203603.0,0
2025-03-06 12:00:00,21.24,7.0,100.0,909592754.0,0
2025-03-06 18:00:00,22.49,7.0,100.0,903452810.0,0
2025-03-07 00:00:00,22.67,7.0,100.0,907074706.5,0
2025-03-07 06:00:00,21.24,7.0,100.0,907490280.0,0
2025-03-07 12:00:00,20.89,7.0,100.0,891992892.67,0
2025-03-07 18:00:00,21.05,7.0,20.0,899627086.5206277,1
2025-03-08 00:00:00,21.05,7.0,20.0,899627086.5206277,1
2025-03-08 06:00:00,21.05,7.0,20.0,899627086.5206277,1
2025-03-08 12:00:00,21.05,7.0,20.0,899627086.5206277,1
2025-03-08 18:00:00,21.05,7.0,20.0,899627086.5206277,1
2025-03-09 00:00:00,21.05,7.0,20.0,899627086.5206277,1
2025-03-09 06:00:00,21.05,7.0,20.0,899627086.5206277,1
2025-03-09 12:00:00,21.05,7.0,20.0,899627086.5206277,1
2025-03-09 18:00:00,21.05,7.0,20.0,899627086.5206277,1
2025-03-10 00:00:00,21.05,7.0,20.0,899627086.5206277,1
2025-03-10 06:00:00,21.05,7.0,20.0,899627086.5206277,1
2025-03-10 12:00:00,21.05,7.0,20.0,899627086.5206277,1
2025-03-10 18:00:00,21.05,7.0,20.0,899627086.5206277,1
2025-03-11 00:00:00,21.05,7.0,20.0,899627086.5206277,1
2025-03-11 06:00:00,21.05,7.0,20.0,899627086.5206277,1
2025-03-11 12:00:00,18.0,7.0,100.0,913154327.0,0
2025-03-11 18:00:00,33.86,11.0,10.0,903463484.0,0
2025-03-12 00:00:00,22.35,7.0,10.0,898684352.0,0
2025-03-12 06:00:00,35.37,11.0,10.0,888776039.0,0
2025-03-12 12:00:00,22.01,8.0,10.0,891812371.0,0
2025-03-12 18:00:00,24.75,7.0,10.0,898272960.0,0
2025-03-13 00:00:00,21.05,7.0,20.0,899627086.5206277,1
2025-03-13 06:00:00,21.05,7.0,20.0,899627086.5206277,1
2025-03-13 12:00:00,30.98,8.0,10.0,905866119.0,0
2025-03-13 18:00:00,24.88,7.0,100.0,879794641.5,0
2025-03-14 00:00:00,19.19,7.0,100.0,911269711.0,0
2025-03-14 06:00:00,21.65,7.0,10.0,913878005.0,0
2025-03-14 12:00:00,21.6,7.0,10.0,888563346.0,0
2025-03-14 18:00:00,19.06,7.0,100.0,903430751.0,0
2025-03-15 00:00:00,31.81,11.0,10.0,921020321.0,0
2025-03-15 06:00:00,22.64,7.0,10.0,883306641.5,0
2025-03-15 12:00:00,22.49,7.0,10.0,903717530.0,0
2025-03-15 18:00:00,22.34,7.0,10.0,913571911.5,0
2025-03-16 00:00:00,19.77,7.0,100.0,815481918.0,0
2025-03-16 06:00:00,18.33,7.0,100.0,906006241.0,0
2025-03-16 12:00:00,18.31,7.0,100.0,885760357.0,0
2025-03-16 18:00:00,32.8,11.0,10.0,906385015.0,0
2025-03-17 00:00:00,36.04,11.0,10.0,914253962.0,0
2025-03-17 06:00:00,37.34,11.0,10.0,882221254.0,0
2025-03-17 12:00:00,19.97,11.0,10.0,820613977.0,0
2025-03-17 18:00:00,21.05,7.0,20.0,899627086.5206277,1
2025-03-18 00:00:00,21.05,7.0,20.0,899627086.5206277,1
2025-03-18 06:00:00,21.05,7.0,20.0,899627086.5206277,1
2025-03-18 12:00:00,36.24,9.0,10.0,864971678.5,0
2025-03-18 18:00:00,21.05,7.0,20.0,899627086.5206277,1
2025-03-19 00:00:00,20.97,7.0,10.0,904738784.5,0
2025-03-19 06:00:00,21.29,7.0,10.0,912904675.0,0
2025-03-19 12:00:00,18.87,7.0,10.0,893335797.0,0
2025-03-19 18:00:00,21.92,7.0,10.0,905841836.0,0
2025-03-20 00:00:00,20.98,7.0,10.0,908959196.0,0
2025-03-20 06:00:00,21.05,7.0,20.0,899627086.5206277,1
2025-03-20 12:00:00,40.62,11.0,10.0,840435344.0,0
2025-03-20 18:00:00,23.5,8.0,10.0,906914946.5,0
2025-03-21 00:00:00,21.05,7.0,20.0,899627086.5206277,1
2025-03-21 06:00:00,22.68,8.0,10.0,888031615.0,0
2025-03-21 12:00:00,35.08,7.0,10.0,840670103.0,0
2025-03-21 18:00:00,23.12,7.0,10.0,921543037.0,0
2025-03-22 00:00:00,22.9,7.0,10.0,900968600.67,0
2025-03-22 06:00:00,21.05,7.0,20.0,899627086.5206277,1
2025-03-22 12:00:00,25.79,7.0,10.0,911346984.0,0
2025-03-22 18:00:00,33.69,11.0,10.0,914888186.0,0
2025-03-23 00:00:00,18.99,7.0,100.0,911372632.5,0
2025-03-23 06:00:00,18.26,7.0,100.0,900306858.0,0
2025-03-23 12:00:00,36.24,11.0,10.0,913786169.0,0
2025-03-23 18:00:00,22.41,7.0,10.0,910218581.0,0
2025-03-24 00:00:00,21.05,7.0,20.0,899627086.5206277,1
2025-03-24 06:00:00,21.65,8.0,10.0,872259559.0,0
2025-03-24 12:00:00,23.03,8.0,10.0,874097455.0,0
2025-03-24 18:00:00,21.05,7.0,20.0,899627086.5206277,1
2025-03-25 00:00:00,21.05,7.0,20.0,899627086.5206277,1
2025-03-25 06:00:00,21.05,7.0,20.0,899627086.5206277,1
2025-03-25 12:00:00,21.05,7.0,20.0,899627086.5206277,1
2025-03-25 18:00:00,21.05,7.0,20.0,899627086.5206277,1
2025-03-26 00:00:00,21.05,7.0,20.0,899627086.5206277,1
2025-03-26 06:00:00,21.05,7.0,20.0,899627086.5206277,1
2025-03-26 12:00:00,20.58,7.0,100.0,899806536.0,0
2025-03-26 18:00:00,36.8,11.0,10.0,904165269.0,0
2025-03-27 00:00:00,22.52,7.0,100.0,907334355.0,0
2025-03-27 06:00:00,21.05,7.0,20.0,899627086.5206277,1
2025-03-27 12:00:00,32.78,11.0,10.0,902698591.0,0
2025-03-27 18:00:00,32.4,11.0,10.0,912787553.0,0
2025-03-28 00:00:00,19.38,7.0,100.0,898422881.0,0
2025-03-28 06:00:00,33.31,11.0,10.0,889120491.5,0
2025-03-28 12:00:00,34.59,11.0,10.0,12582918.0,0
2025-03-28 18:00:00,16.8,9.0,100.0,15151973.5,0
2025-03-29 00:00:00,21.05,7.0,20.0,899627086.5206277,1
2025-03-29 06:00:00,21.05,7.0,20.0,899627086.5206277,1
2025-03-29 12:00:00,21.05,7.0,20.0,899627086.5206277,1
2025-03-29 18:00:00,21.05,7.0,20.0,899627086.5206277,1
2025-03-30 00:00:00,21.05,7.0,20.0,899627086.5206277,1
2025-03-30 06:00:00,21.05,7.0,20.0,899627086.5206277,1
2025-03-30 12:00:00,21.05,7.0,20.0,899627086.5206277,1
2025-03-30 18:00:00,21.05,7.0,20.0,899627086.5206277,1
2025-03-31 00:00:00,21.05,7.0,20.0,899627086.5206277,1
2025-03-31 06:00:00,21.05,7.0,20.0,899627086.5206277,1
2025-03-31 12:00:00,21.05,7.0,20.0,899627086.5206277,1
2025-03-31 18:00:00,21.05,11.0,10.0,906966627.0,0
2025-04-01 00:00:00,19.07,7.0,10.0,900695980.5,0
2025-04-01 06:00:00,19.5,7.0,10.0,901618990.5,0
2025-04-01 12:00:00,21.05,7.0,20.0,899627086.5206277,1
2025-04-01 18:00:00,32.27,11.0,10.0,907850410.5,0
2025-04-02 00:00:00,21.05,7.0,20.0,899627086.5206277,1
2025-04-02 06:00:00,18.76,7.0,100.0,901674379.0,0
2025-04-02 12:00:00,21.5,8.0,10.0,747863708.67,0
2025-04-02 18:00:00,32.35,11.0,10.0,905004599.5,0
2025-04-03 00:00:00,21.05,7.0,20.0,899627086.5206277,1
2025-04-03 06:00:00,19.15,7.0,10.0,897165716.0,0
2025-04-03 12:00:00,20.34,10.0,10.0,902614897.0,0
2025-04-03 18:00:00,25.51,9.0,10.0,899600535.0,0
2025-04-04 00:00:00,42.19,11.0,6.0,867280678.0,0
2025-04-04 06:00:00,21.05,7.0,20.0,899627086.5206277,1
2025-04-04 12:00:00,21.05,7.0,20.0,899627086.5206277,1
2025-04-04 18:00:00,21.05,7.0,20.0,899627086.5206277,1
2025-04-05 00:00:00,21.05,7.0,20.0,899627086.5206277,1
2025-04-05 06:00:00,21.05,7.0,20.0,899627086.5206277,1
2025-04-05 12:00:00,37.32,8.0,100.0,905604672.0,0
2025-04-05 18:00:00,37.7,8.0,100.0,900911213.0,0
2025-04-06 00:00:00,22.21,7.0,10.0,897612704.0,0
2025-04-06 06:00:00,21.05,7.0,20.0,899627086.5206277,1
2025-04-06 12:00:00,25.15,7.0,100.0,906367506.0,0
2025-04-06 18:00:00,23.87,7.0,10.0,904165678.5,0
2025-04-07 00:00:00,21.05,7.0,20.0,899627086.5206277,1
2025-04-07 06:00:00,21.05,7.0,20.0,899627086.5206277,1
2025-04-07 12:00:00,21.05,7.0,20.0,899627086.5206277,1
2025-04-07 18:00:00,21.05,7.0,20.0,899627086.5206277,1
2025-04-08 00:00:00,21.05,7.0,20.0,899627086.5206277,1
2025-04-08 06:00:00,21.05,7.0,20.0,899627086.5206277,1
2025-04-08 12:00:00,21.05,7.0,20.0,899627086.5206277,1
2025-04-08 18:00:00,21.05,7.0,20.0,899627086.5206277,1
2025-04-09 00:00:00,21.05,7.0,20.0,899627086.5206277,1
2025-04-09 06:00:00,21.05,7.0,20.0,899627086.5206277,1
2025-04-09 12:00:00,16.06,7.0,100.0,909843526.0,0
2025-04-09 18:00:00,18.83,6.0,100.0,904916273.0,0
2025-04-10 00:00:00,21.05,7.0,20.0,899627086.5206277,1
2025-04-10 06:00:00,21.21,6.0,100.0,915571570.0,0
2025-04-10 12:00:00,18.68,9.0,10.0,905342736.0,0
2025-04-10 18:00:00,20.96,6.0,100.0,903334286.5,0
2025-04-11 00:00:00,20.68,6.0,10.0,880749291.5,0
2025-04-11 06:00:00,33.06,6.0,10.0,902247444.0,0
2025-04-11 12:00:00,20.64,6.0,10.0,900414327.0,0
2025-04-11 18:00:00,18.83,6.0,100.0,900360221.0,0
2025-04-12 00:00:00,18.7,6.0,100.0,894910408.0,0
2025-04-12 06:00:00,21.05,7.0,20.0,899627086.5206277,1
2025-04-12 12:00:00,21.05,7.0,20.0,899627086.5206277,1
2025-04-12 18:00:00,21.05,7.0,20.0,899627086.5206277,1
2025-04-13 00:00:00,21.05,7.0,20.0,899627086.5206277,1
2025-04-13 06:00:00,21.05,7.0,20.0,899627086.5206277,1
2025-04-13 12:00:00,21.05,7.0,20.0,899627086.5206277,1
2025-04-13 18:00:00,21.05,7.0,20.0,899627086.5206277,1
2025-04-14 00:00:00,21.05,7.0,20.0,899627086.5206277,1
2025-04-14 06:00:00,21.05,7.0,20.0,899627086.5206277,1
2025-04-14 12:00:00,68.01,9.0,6.0,911162165.0,0
2025-04-14 18:00:00,20.05,6.0,10.0,910953178.0,0
2025-04-15 00:00:00,18.05,6.0,10.0,902878486.0,0
2025-04-15 06:00:00,16.26,6.0,10.0,902248031.0,0
2025-04-15 12:00:00,18.7,6.0,100.0,896849801.33,0
2025-04-15 18:00:00,32.27,6.0,10.0,898421758.0,0
2025-04-16 00:00:00,19.85,6.0,100.0,901490134.0,0
2025-04-16 06:00:00,21.05,7.0,20.0,899627086.5206277,1
2025-04-16 12:00:00,21.44,6.0,100.0,886625564.0,0
2025-04-16 18:00:00,19.24,6.0,100.0,904194544.0,0
2025-04-17 00:00:00,18.56,6.0,100.0,899131317.5,0
2025-04-17 06:00:00,19.06,6.0,10.0,906731017.5,0
2025-04-17 12:00:00,19.5,6.0,10.0,902773854.0,0
2025-04-17 18:00:00,20.64,6.0,10.0,901545296.0,0
2025-04-18 00:00:00,19.0,6.0,10.0,895984262.0,0
2025-04-18 06:00:00,26.86,9.0,40.0,888381706.0,0
2025-04-18 12:00:00,18.93,6.0,100.0,906993316.5,0
2025-04-18 18:00:00,19.78,6.0,100.0,905919771.0,0
2025-04-19 00:00:00,21.05,7.0,20.0,899627086.5206277,1
2025-04-19 06:00:00,19.08,6.0,100.0,897059324.0,0
2025-04-19 12:00:00,21.03,6.0,100.0,906232487.0,0
2025-04-19 18:00:00,20.94,6.0,100.0,904323533.0,0
2025-04-20 00:00:00,21.26,6.0,100.0,903848577.0,0
2025-04-20 06:00:00,25.79,6.0,100.0,893751842.0,0
2025-04-20 12:00:00,20.62,6.0,100.0,903611678.0,0
2025-04-20 18:00:00,20.59,6.0,100.0,903763944.0,0
2025-04-21 00:00:00,21.05,6.0,100.0,907754104.0,0
2025-04-21 06:00:00,21.05,7.0,20.0,899627086.5206277,1
2025-04-21 12:00:00,21.05,7.0,20.0,899627086.5206277,1
2025-04-21 18:00:00,21.05,7.0,20.0,899627086.5206277,1
2025-04-22 00:00:00,21.05,7.0,20.0,899627086.5206277,1
2025-04-22 06:00:00,21.05,7.0,20.0,899627086.5206277,1
2025-04-22 12:00:00,21.05,7.0,20.0,899627086.5206277,1
2025-04-22 18:00:00,21.05,7.0,20.0,899627086.5206277,1
2025-04-23 00:00:00,21.05,7.0,20.0,899627086.5206277,1
2025-04-23 06:00:00,21.05,7.0,20.0,899627086.5206277,1
2025-04-23 12:00:00,22.14,6.0,10.0,907940333.0,0
2025-04-23 18:00:00,19.82,6.0,100.0,903558389.0,0
2025-04-24 00:00:00,19.86,6.0,100.0,904990772.0,0
2025-04-24 06:00:00,25.61,7.0,10.0,898209617.0,0
2025-04-24 12:00:00,21.83,6.0,100.0,895704027.0,0
2025-04-24 18:00:00,31.01,6.0,10.0,893600578.0,0
2025-04-25 00:00:00,35.54,7.0,10.0,895731178.0,0
2025-04-25 06:00:00,37.03,8.0,10.0,895589902.0,0
2025-04-25 12:00:00,22.25,7.0,10.0,906707974.0,0
2025-04-25 18:00:00,22.11,7.0,10.0,900366582.5,0
2025-04-26 00:00:00,21.86,7.0,10.0,894742222.0,0
2025-04-26 06:00:00,20.81,7.0,10.0,908173217.0,0
2025-04-26 12:00:00,21.05,7.0,20.0,899627086.5206277,1
2025-04-26 18:00:00,21.05,7.0,20.0,899627086.5206277,1
2025-04-27 00:00:00,21.05,7.0,20.0,899627086.5206277,1
2025-04-27 06:00:00,21.05,7.0,20.0,899627086.5206277,1
2025-04-27 12:00:00,21.05,7.0,20.0,899627086.5206277,1
2025-04-27 18:00:00,21.05,7.0,20.0,899627086.5206277,1
2025-04-28 00:00:00,21.05,7.0,20.0,899627086.5206277,1
2025-04-28 06:00:00,21.05,7.0,20.0,899627086.5206277,1
2025-04-28 12:00:00,21.05,7.0,20.0,899627086.5206277,1
2025-04-28 18:00:00,21.05,7.0,20.0,899627086.5206277,1
2025-04-29 00:00:00,21.05,7.0,10.0,903141127.0,0
2025-04-29 06:00:00,33.08,9.0,10.0,744614578.5,0
2025-04-29 12:00:00,22.33,6.0,10.0,899521729.5,0
2025-04-29 18:00:00,19.06,6.0,10.0,904344416.0,0
2025-04-30 00:00:00,19.76,6.0,10.0,906284367.0,0
2025-04-30 06:00:00,20.02,6.0,10.0,903612310.0,0
2025-04-30 12:00:00,19.46,6.0,10.0,908279437.0,0
2025-04-30 18:00:00,21.45,6.0,10.0,903305189.0,0
2025-05-01 00:00:00,19.26,6.0,10.0,903596161.0,0
2025-05-01 06:00:00,20.32,6.0,10.0,904798411.5,0
2025-05-01 12:00:00,17.76,6.0,10.0,913996662.0,0
2025-05-01 18:00:00,19.89,6.0,10.0,902928116.0,0
2025-05-02 00:00:00,19.09,7.0,10.0,903932574.5,0
2025-05-02 06:00:00,21.05,6.0,10.0,905866570.5,0
2025-05-02 12:00:00,19.23,6.0,10.0,910587137.5,0
2025-05-02 18:00:00,18.18,6.0,100.0,900162509.0,0
2025-05-03 00:00:00,19.85,6.0,100.0,906182641.0,0
2025-05-03 06:00:00,20.37,6.0,100.0,887582941.0,0
2025-05-03 12:00:00,19.84,6.0,100.0,905184635.0,0
2025-05-03 18:00:00,20.18,6.0,100.0,907752197.0,0
2025-05-04 00:00:00,19.6,6.0,10.0,909078220.33,0
2025-05-04 06:00:00,19.52,6.0,100.0,903135976.0,0
2025-05-04 12:00:00,19.37,6.0,10.0,905107304.0,0
2025-05-04 18:00:00,18.54,6.0,10.0,916878659.0,0
2025-05-05 00:00:00,18.68,6.0,100.0,897819188.5,0
2025-05-05 06:00:00,19.13,6.0,100.0,906283466.0,0
2025-05-05 12:00:00,20.34,6.0,10.0,909825198.5,0
2025-05-05 18:00:00,18.95,6.0,100.0,908172218.0,0
2025-05-06 00:00:00,21.05,7.0,20.0,899627086.5206277,1
2025-05-06 06:00:00,19.83,6.0,100.0,901199298.0,0
2025-05-06 12:00:00,18.49,6.0,100.0,917475799.0,0
2025-05-06 18:00:00,20.4,6.0,100.0,893647693.0,0
2025-05-07 00:00:00,19.81,6.0,100.0,905183594.0,0
2025-05-07 06:00:00,19.93,6.0,100.0,901567582.0,0
2025-05-07 12:00:00,17.77,6.0,100.0,905473090.0,0
2025-05-07 18:00:00,19.86,6.0,100.0,905594365.0,0
2025-05-08 00:00:00,19.54,6.0,100.0,905756280.0,0
2025-05-08 06:00:00,19.0,6.0,10.0,900992757.0,0
2025-05-08 12:00:00,19.78,6.0,100.0,892917392.0,0
2025-05-08 18:00:00,20.75,6.0,100.0,869743655.0,0
2025-05-09 00:00:00,18.96,6.0,100.0,902377902.5,0
2025-05-09 06:00:00,19.51,6.0,100.0,921347011.0,0
2025-05-09 12:00:00,20.31,6.0,100.0,911111314.0,0
2025-05-09 18:00:00,24.11,7.0,10.0,902511213.0,0
2025-05-10 00:00:00,22.25,7.0,10.0,908646216.5,0
2025-05-10 06:00:00,22.32,7.0,10.0,905921357.0,0
2025-05-10 12:00:00,22.86,6.0,10.0,876219393.5,0
2025-05-10 18:00:00,17.53,6.0,10.0,905443746.0,0
2025-05-11 00:00:00,19.33,6.0,100.0,903668489.0,0
2025-05-11 06:00:00,19.68,6.0,100.0,903143205.0,0
2025-05-11 12:00:00,20.97,6.0,10.0,916460847.0,0
2025-05-11 18:00:00,19.8,6.0,100.0,908985682.5,0
2025-05-12 00:00:00,19.47,7.0,10.0,907859824.0,0
2025-05-12 06:00:00,20.47,6.0,100.0,889198894.0,0
2025-05-12 12:00:00,21.47,7.0,10.0,907809664.0,0
2025-05-12 18:00:00,22.25,7.0,10.0,909534595.0,0
2025-05-13 00:00:00,19.6,6.0,100.0,901043519.0,0
2025-05-13 06:00:00,20.19,6.0,100.0,916149583.0,0
2025-05-13 12:00:00,19.13,6.0,100.0,908068859.0,0
2025-05-13 18:00:00,22.2,7.0,10.0,756129023.0,0
2025-05-14 00:00:00,24.44,7.0,10.0,909641817.0,0
2025-05-14 06:00:00,24.84,7.0,10.0,907388190.0,0
2025-05-14 12:00:00,18.18,6.0,100.0,922194722.0,0
2025-05-14 18:00:00,19.21,6.0,100.0,859558099.0,0
2025-05-15 00:00:00,20.33,6.0,100.0,856278789.5,0
2025-05-15 06:00:00,25.65,7.0,10.0,802673990.0,0
2025-05-15 12:00:00,18.44,6.0,10.0,908955070.0,0
2025-05-15 18:00:00,20.93,7.0,10.0,911868472.0,0
2025-05-16 00:00:00,19.12,6.0,10.0,919080999.0,0
2025-05-16 06:00:00,21.05,7.0,20.0,899627086.5206277,1
2025-05-16 12:00:00,17.85,6.0,10.0,917444549.0,0
2025-05-16 18:00:00,18.59,6.0,10.0,898684711.0,0
2025-05-17 00:00:00,20.76,6.0,10.0,904292559.5,0
2025-05-17 06:00:00,21.05,7.0,20.0,899627086.5206277,1
2025-05-17 12:00:00,22.19,6.0,10.0,909389112.5,0
2025-05-17 18:00:00,20.53,7.0,10.0,908725214.5,0
2025-05-18 00:00:00,21.05,7.0,20.0,899627086.5206277,1
2025-05-18 06:00:00,21.05,7.0,20.0,899627086.5206277,1
2025-05-18 12:00:00,21.1,6.0,10.0,904195528.5,0
2025-05-18 18:00:00,21.05,7.0,20.0,899627086.5206277,1
2025-05-19 00:00:00,20.98,6.0,10.0,908174108.5,0
2025-05-19 06:00:00,19.31,7.0,10.0,756926667.5,0
2025-05-19 12:00:00,22.39,6.0,10.0,901935983.0,0
2025-05-19 18:00:00,21.9,7.0,10.0,904313977.0,0
2025-05-20 00:00:00,20.38,6.0,10.0,904401186.0,0
2025-05-20 06:00:00,25.42,8.0,10.0,851998768.0,0
2025-05-20 12:00:00,21.13,7.0,10.0,899164350.0,0
2025-05-20 18:00:00,19.01,6.0,10.0,903708005.0,0
2025-05-21 00:00:00,22.11,8.0,10.0,900518035.5,0
2025-05-21 06:00:00,20.92,8.0,10.0,903560559.0,0
2025-05-21 12:00:00,22.99,7.0,10.0,830554776.5,0
2025-05-21 18:00:00,27.52,8.0,10.0,908228189.0,0
2025-05-22 00:00:00,21.3,6.0,10.0,901549549.5,0
2025-05-22 06:00:00,20.34,6.0,10.0,902622524.0,0
2025-05-22 12:00:00,20.45,6.0,10.0,888198461.0,0
2025-05-22 18:00:00,23.29,7.0,10.0,901725094.5,0
2025-05-23 00:00:00,20.99,6.0,10.0,887204279.0,0
2025-05-23 06:00:00,21.03,6.0,10.0,901265805.5,0
2025-05-23 12:00:00,21.05,7.0,20.0,899627086.5206277,1
2025-05-23 18:00:00,21.05,7.0,20.0,899627086.5206277,1
2025-05-24 00:00:00,21.05,7.0,20.0,899627086.5206277,1
2025-05-24 06:00:00,21.05,7.0,20.0,899627086.5206277,1
2025-05-24 12:00:00,21.05,7.0,20.0,899627086.5206277,1
2025-05-24 18:00:00,21.05,7.0,20.0,899627086.5206277,1
2025-05-25 00:00:00,21.05,7.0,20.0,899627086.5206277,1
2025-05-25 06:00:00,21.05,7.0,20.0,899627086.5206277,1
2025-05-25 12:00:00,21.05,7.0,20.0,899627086.5206277,1
2025-05-25 18:00:00,21.05,7.0,20.0,899627086.5206277,1
2025-05-26 00:00:00,21.05,7.0,20.0,899627086.5206277,1
2025-05-26 06:00:00,21.05,7.0,20.0,899627086.5206277,1
2025-05-26 12:00:00,21.05,7.0,20.0,899627086.5206277,1
2025-05-26 18:00:00,21.05,7.0,20.0,899627086.5206277,1
2025-05-27 00:00:00,21.05,7.0,20.0,899627086.5206277,1
2025-05-27 06:00:00,20.55,6.0,10.0,906414874.5,0
2025-05-27 12:00:00,16.22,6.0,10.0,740124574.0,0
2025-05-27 18:00:00,19.3,6.0,10.0,904923701.0,0
2025-05-28 00:00:00,18.59,7.0,10.0,904503408.0,0
2025-05-28 06:00:00,22.65,7.0,10.0,899469931.0,0
2025-05-28 12:00:00,21.05,7.0,20.0,899627086.5206277,1
2025-05-28 18:00:00,21.05,7.0,20.0,899627086.5206277,1
2025-05-29 00:00:00,21.05,7.0,20.0,899627086.5206277,1
2025-05-29 06:00:00,21.05,7.0,20.0,899627086.5206277,1
2025-05-29 12:00:00,21.05,7.0,20.0,899627086.5206277,1
2025-05-29 18:00:00,21.05,6.0,10.0,901721533.0,0
2025-05-30 00:00:00,21.05,8.0,10.0,905762620.0,0
2025-05-30 06:00:00,18.87,6.0,10.0,904502878.0,0
2025-05-30 12:00:00,19.2,6.0,10.0,906188671.0,0
2025-05-30 18:00:00,18.75,6.0,10.0,904213709.0,0
2025-05-31 00:00:00,19.43,7.0,10.0,903142170.0,0
2025-05-31 06:00:00,19.02,7.0,10.0,901956885.0,0
2025-05-31 12:00:00,19.16,6.0,10.0,894909404.0,0
2025-05-31 18:00:00,19.31,6.0,10.0,907729932.5,0
2025-06-01 00:00:00,18.17,6.0,10.0,906801533.0,0
2025-06-01 06:00:00,20.05,7.0,10.0,905341539.5,0
2025-06-01 12:00:00,18.99,6.0,10.0,908730086.0,0
2025-06-01 18:00:00,19.69,7.0,10.0,901466331.0,0
2025-06-02 00:00:00,19.13,6.0,10.0,906287861.0,0
2025-06-02 06:00:00,20.82,6.0,10.0,905189115.0,0
2025-06-02 12:00:00,19.34,6.0,10.0,901541526.0,0
2025-06-02 18:00:00,19.06,6.0,10.0,867970621.0,0
2025-06-03 00:00:00,18.02,6.0,10.0,901027088.0,0
2025-06-03 06:00:00,49.5,9.0,10.0,902510310.0,0
2025-06-03 12:00:00,22.05,6.0,10.0,906285686.0,0
2025-06-03 18:00:00,19.64,6.0,10.0,910718018.0,0
2025-06-04 00:00:00,19.79,6.0,10.0,904687350.0,0
2025-06-04 06:00:00,19.53,6.0,10.0,889561021.5,0
2025-06-04 12:00:00,25.1,7.0,10.0,903664852.5,0
2025-06-04 18:00:00,19.37,6.0,10.0,908266176.0,0
2025-06-05 00:00:00,19.06,7.0,10.0,905701055.0,0
2025-06-05 06:00:00,21.76,7.0,10.0,903246347.5,0
2025-06-05 12:00:00,19.23,6.0,10.0,906285324.0,0
2025-06-05 18:00:00,18.59,6.0,10.0,899783920.0,0
2025-06-06 00:00:00,18.85,6.0,10.0,905086626.0,0
2025-06-06 06:00:00,19.11,6.0,10.0,896589795.0,0
2025-06-06 12:00:00,21.87,6.0,10.0,903192879.0,0
2025-06-06 18:00:00,19.16,6.0,10.0,905184001.0,0
2025-06-07 00:00:00,19.07,6.0,10.0,896906432.0,0
2025-06-07 06:00:00,27.49,9.0,10.0,862668010.5,0
2025-06-07 12:00:00,26.51,9.0,10.0,902931953.0,0
2025-06-07 18:00:00,21.05,7.0,20.0,899627086.5206277,1
2025-06-08 00:00:00,18.57,6.0,10.0,908717066.67,0
2025-06-08 06:00:00,21.05,7.0,20.0,899627086.5206277,1
2025-06-08 12:00:00,19.63,6.0,10.0,915306540.5,0
2025-06-08 18:00:00,19.22,6.0,10.0,910306084.5,0
2025-06-09 00:00:00,19.35,6.0,10.0,840804575.0,0
2025-06-09 06:00:00,21.05,7.0,20.0,899627086.5206277,1
2025-06-09 12:00:00,19.08,6.0,10.0,911504239.0,0
2025-06-09 18:00:00,17.36,6.0,10.0,903612039.0,0
2025-06-10 00:00:00,21.05,7.0,20.0,899627086.5206277,1
2025-06-10 06:00:00,20.55,6.0,10.0,897426282.0,0
2025-06-10 12:00:00,17.34,6.0,10.0,903877231.0,0
2025-06-10 18:00:00,27.19,7.0,10.0,902730062.0,0
2025-06-11 00:00:00,21.05,6.0,10.0,900781374.0,0
2025-06-11 06:00:00,21.05,6.0,10.0,903562005.0,0
2025-06-11 12:00:00,21.05,9.0,10.0,883488430.33,0
2025-06-11 18:00:00,21.05,6.0,10.0,904506948.0,0
2025-06-12 00:00:00,17.99,6.0,10.0,840487460.0,0
2025-06-12 06:00:00,18.64,6.0,10.0,904844457.5,0
2025-06-12 12:00:00,21.05,7.0,20.0,899627086.5206277,1
2025-06-12 18:00:00,17.54,6.0,100.0,898162892.0,0
2025-06-13 00:00:00,19.09,6.0,10.0,907478586.33,0
2025-06-13 06:00:00,20.02,6.0,10.0,898420321.0,0
2025-06-13 12:00:00,18.47,6.0,10.0,903295704.0,0
2025-06-13 18:00:00,18.61,6.0,10.0,917819857.0,0
2025-06-14 00:00:00,21.05,7.0,20.0,899627086.5206277,1
2025-06-14 06:00:00,21.02,7.0,10.0,906128670.5,0
2025-06-14 12:00:00,21.05,7.0,20.0,899627086.5206277,1
2025-06-14 18:00:00,19.4,6.0,10.0,901700413.0,0
2025-06-15 00:00:00,19.11,6.0,10.0,901432547.0,0
2025-06-15 06:00:00,21.59,7.0,10.0,908201017.5,0
2025-06-15 12:00:00,22.99,6.0,10.0,916877238.0,0
2025-06-15 18:00:00,19.07,6.0,10.0,902888012.0,0
2025-06-16 00:00:00,19.46,6.0,10.0,896176543.0,0
2025-06-16 06:00:00,19.36,6.0,10.0,906599717.0,0
2025-06-16 12:00:00,18.98,6.0,10.0,905761885.5,0
2025-06-16 18:00:00,19.15,6.0,10.0,906468481.5,0
2025-06-17 00:00:00,21.05,6.0,100.0,903772060.0,0
2025-06-17 06:00:00,21.05,6.0,100.0,904031742.0,0
2025-06-17 12:00:00,21.05,6.0,100.0,915801322.5,0
2025-06-17 18:00:00,21.05,6.0,10.0,895958899.0,0
2025-06-18 00:00:00,21.05,7.0,20.0,899627086.5206277,1
2025-06-18 06:00:00,20.42,6.0,10.0,907389370.0,0
2025-06-18 12:00:00,18.36,6.0,10.0,907929475.33,0
2025-06-18 18:00:00,23.01,6.0,10.0,884056503.0,0
2025-06-19 00:00:00,33.18,9.0,10.0,910139780.0,0
2025-06-19 06:00:00,19.42,6.0,10.0,899511099.0,0
2025-06-19 12:00:00,21.05,7.0,20.0,899627086.5206277,1
2025-06-19 18:00:00,19.14,6.0,10.0,902406310.0,0
2025-06-20 00:00:00,18.6,6.0,10.0,910955182.0,0
2025-06-20 06:00:00,19.14,6.0,100.0,896400741.0,0
2025-06-20 12:00:00,20.15,6.0,10.0,901626886.0,0
2025-06-20 18:00:00,18.66,6.0,10.0,901782348.0,0
2025-06-21 00:00:00,24.33,6.0,100.0,901331044.5,0
2025-06-21 06:00:00,18.84,6.0,10.0,802660366.5,0
2025-06-21 12:00:00,21.05,7.0,20.0,899627086.5206277,1
2025-06-21 18:00:00,18.55,6.0,10.0,899103377.5,0
2025-06-22 00:00:00,20.43,6.0,100.0,904792480.5,0
2025-06-22 06:00:00,23.61,7.0,10.0,901150224.0,0
2025-06-22 12:00:00,26.12,6.0,10.0,905815191.0,0
2025-06-22 18:00:00,18.27,6.0,10.0,903732140.0,0
2025-06-23 00:00:00,18.22,6.0,100.0,904313302.0,0
2025-06-23 06:00:00,18.05,6.0,10.0,890923712.0,0
2025-06-23 12:00:00,31.75,6.0,10.0,903927019.0,0
2025-06-23 18:00:00,22.72,6.0,10.0,903454120.0,0
2025-06-24 00:00:00,23.52,7.0,10.0,903872195.0,0
2025-06-24 06:00:00,16.96,6.0,10.0,904870905.67,0
2025-06-24 12:00:00,21.05,7.0,20.0,899627086.5206277,1
2025-06-24 18:00:00,17.92,6.0,100.0,912157904.0,0
2025-06-25 00:00:00,23.22,7.0,10.0,904609242.0,0
2025-06-25 06:00:00,18.72,6.0,10.0,908806544.0,0
2025-06-25 12:00:00,20.07,6.0,10.0,905106081.5,0
2025-06-25 18:00:00,18.54,6.0,100.0,901912659.0,0
2025-06-26 00:00:00,18.58,7.0,100.0,902144323.0,0
2025-06-26 06:00:00,18.53,7.0,100.0,903295704.0,0
2025-06-26 12:00:00,22.27,8.0,10.0,907728162.0,0
2025-06-26 18:00:00,19.45,7.0,10.0,898264022.0,0
2025-06-27 00:00:00,19.03,7.0,10.0,898893733.0,0
2025-06-27 06:00:00,18.41,7.0,10.0,917454094.0,0
2025-06-27 12:00:00,19.33,7.0,100.0,901044744.0,0
2025-06-27 18:00:00,18.73,7.0,100.0,896908967.5,0
2025-06-28 00:00:00,27.07,7.0,10.0,901474256.0,0
2025-06-28 06:00:00,23.1,8.0,10.0,893860801.0,0
2025-06-28 12:00:00,21.51,10.0,10.0,906236837.0,0
2025-06-28 18:00:00,22.57,7.0,10.0,898739926.0,0
2025-06-29 00:00:00,19.56,7.0,100.0,905108979.5,0
2025-06-29 06:00:00,19.02,7.0,100.0,901226974.5,0
2025-06-29 12:00:00,19.32,7.0,100.0,903532335.0,0
2025-06-29 18:00:00,21.05,7.0,20.0,899627086.5206277,1
2025-06-30 00:00:00,17.95,7.0,100.0,902539755.5,0
2025-06-30 06:00:00,19.15,7.0,100.0,903768558.0,0
2025-06-30 12:00:00,18.78,7.0,100.0,854754189.33,0
2025-06-30 18:00:00,21.05,7.0,20.0,899627086.5206277,1
2025-07-01 00:00:00,19.23,6.0,100.0,915050641.5,0
2025-07-01 06:00:00,19.4,6.0,100.0,897590127.5,0
2025-07-01 12:00:00,18.64,6.0,100.0,905815819.0,0
2025-07-01 18:00:00,20.39,6.0,100.0,912368942.0,0
2025-07-02 00:00:00,19.14,6.0,100.0,900441983.0,0
2025-07-02 06:00:00,21.05,6.0,100.0,905395165.0,0
2025-07-02 12:00:00,21.05,7.0,10.0,892810079.0,0
2025-07-02 18:00:00,21.05,9.0,10.0,899024697.5,0
2025-07-03 00:00:00,18.5,6.0,100.0,905815593.0,0
2025-07-03 06:00:00,19.53,6.0,100.0,906342511.0,0
2025-07-03 12:00:00,18.06,6.0,100.0,898921045.0,0
2025-07-03 18:00:00,31.09,8.0,10.0,883481861.0,0
2025-07-04 00:00:00,30.48,8.0,10.0,894962927.0,0
2025-07-04 06:00:00,21.05,7.0,20.0,899627086.5206277,1
2025-07-04 12:00:00,24.18,7.0,10.0,900889250.0,0
2025-07-04 18:00:00,32.03,9.0,10.0,881013114.0,0
2025-07-05 00:00:00,39.95,9.0,10.0,894278131.0,0
2025-07-05 06:00:00,25.96,6.0,100.0,904922174.0,0
2025-07-05 12:00:00,18.59,6.0,100.0,906914878.0,0
2025-07-05 18:00:00,46.89,9.0,10.0,895998761.0,0
2025-07-06 00:00:00,25.94,6.0,100.0,907017469.0,0
2025-07-06 06:00:00,35.95,7.0,100.0,903177706.0,0
2025-07-06 12:00:00,37.69,7.0,100.0,888539259.0,0
2025-07-06 18:00:00,16.68,6.0,100.0,904658898.0,0
2025-07-07 00:00:00,36.41,7.0,100.0,899681086.0,0
2025-07-07 06:00:00,35.25,7.0,100.0,892707989.0,0
2025-07-07 12:00:00,21.05,7.0,20.0,899627086.5206277,1
2025-07-07 18:00:00,35.83,9.0,10.0,895170405.0,0
2025-07-08 00:00:00,21.05,7.0,20.0,899627086.5206277,1
2025-07-08 06:00:00,35.42,8.0,10.0,891393610.0,0
2025-07-08 12:00:00,19.5,6.0,100.0,881177406.0,0
2025-07-08 18:00:00,21.05,7.0,20.0,899627086.5206277,1
2025-07-09 00:00:00,18.99,6.0,100.0,899943141.0,0
2025-07-09 06:00:00,18.17,6.0,100.0,902955684.5,0
2025-07-09 12:00:00,21.05,7.0,20.0,899627086.5206277,1
2025-07-09 18:00:00,18.66,6.0,100.0,906077029.67,0
2025-07-10 00:00:00,18.6,6.0,100.0,906401461.0,0
2025-07-10 06:00:00,19.08,6.0,100.0,903824602.0,0
2025-07-10 12:00:00,18.76,6.0,100.0,902509922.5,0
2025-07-10 18:00:00,18.72,6.0,100.0,906968033.0,0
2025-07-11 00:00:00,18.82,6.0,100.0,907415948.0,0
2025-07-11 06:00:00,18.67,6.0,100.0,901331247.0,0
2025-07-11 12:00:00,19.36,6.0,100.0,899523710.0,0
2025-07-11 18:00:00,21.05,6.0,100.0,905918412.5,0
2025-07-12 00:00:00,18.96,6.0,100.0,904661001.5,0
2025-07-12 06:00:00,19.48,6.0,100.0,905684432.5,0
2025-07-12 12:00:00,20.52,6.0,100.0,906377548.0,0
2025-07-12 18:00:00,18.82,6.0,100.0,905169300.67,0
2025-07-13 00:00:00,19.13,6.0,100.0,906599444.0,0
2025-07-13 06:00:00,18.53,6.0,100.0,895643584.0,0
2025-07-13 12:00:00,30.83,9.0,10.0,896376538.0,0
2025-07-13 18:00:00,21.05,7.0,20.0,899627086.5206277,1
2025-07-14 00:00:00,21.05,7.0,20.0,899627086.5206277,1
2025-07-14 06:00:00,21.05,7.0,20.0,899627086.5206277,1
2025-07-14 12:00:00,33.0,9.0,10.0,892445220.0,0
2025-07-14 18:00:00,21.05,7.0,10.0,900834794.0,0
2025-07-15 00:00:00,21.05,7.0,20.0,899627086.5206277,1
2025-07-15 06:00:00,19.18,7.0,10.0,903582368.5,0
2025-07-15 12:00:00,32.31,9.0,10.0,902436889.0,0
2025-07-15 18:00:00,31.85,9.0,10.0,891916225.0,0
2025-07-16 00:00:00,31.65,9.0,10.0,912420504.0,0
2025-07-16 06:00:00,31.62,9.0,10.0,745571822.5,0
2025-07-16 12:00:00,20.1,7.0,10.0,904139945.0,0
2025-07-16 18:00:00,21.05,7.0,20.0,899627086.5206277,1
2025-07-17 00:00:00,31.83,9.0,10.0,891178590.5,0
2025-07-17 06:00:00,32.48,9.0,10.0,878132649.0,0
2025-07-17 12:00:00,30.46,9.0,10.0,895816480.0,0
2025-07-17 18:00:00,32.42,9.0,10.0,895118155.0,0
2025-07-18 00:00:00,31.81,9.0,10.0,900678318.0,0
2025-07-18 06:00:00,32.48,9.0,10.0,894960881.0,0
2025-07-18 12:00:00,18.44,7.5,10.0,892804716.0,0
2025-07-18 18:00:00,31.02,9.0,10.0,902484318.0,0
2025-07-19 00:00:00,30.94,9.0,10.0,892863580.0,0
2025-07-19 06:00:00,31.59,9.0,10.0,895841723.0,0
2025-07-19 12:00:00,31.02,9.0,10.0,895014819.0,0
2025-07-19 18:00:00,31.03,9.0,10.0,894300320.33,0
2025-07-20 00:00:00,21.05,7.0,20.0,899627086.5206277,1
2025-07-20 06:00:00,31.2,9.0,10.0,894316619.0,0
2025-07-20 12:00:00,30.19,7.0,10.0,894491826.0,0
2025-07-20 18:00:00,21.74,8.0,10.0,898418369.0,0
2025-07-21 00:00:00,31.84,9.0,10.0,893651398.0,0
2025-07-21 06:00:00,21.05,7.0,20.0,899627086.5206277,1
2025-07-21 12:00:00,34.99,9.0,10.0,880126930.0,0
